Vardas0             Pavarde0            5.35 6.38 1.97 4.82 2.03 6.03 2.18 3.81 9.86 6
Vardas1             Pavarde1            8.79 5.60 2.48 5.80 9.43 9.58 5.49 2.73 5.92 6.22 5
Vardas2             Pavarde2            2.76 4.23 5.36 7.47 2.34 9.65 7.98 2
Vardas3             Pavarde3            8.30 3.87 9.47 9.95 2
Vardas4             Pavarde4            2.80 7.93 8.50 2.50 4.43 7.74 1.57 2
Vardas5             Pavarde5            3.30 2.33 3.55 2.17 4.04 5.47 7.64 3
Vardas6             Pavarde6            2.65 7.41 8.54 5.26 9.39 8.32 5.06 5.42 9
Vardas7             Pavarde7            4.52 7.65 9.16 4.38 1.38 7.24 4.94 6.34 9.22 8.45 7
Vardas8             Pavarde8            1.07 4.71 1.10 6.05 9.82 3.50 7.65 8.92 9.74 4.81 2.59 7.53 3.60 5.11 3
Vardas9             Pavarde9            1.16 3.75 7.84 1
Vardas10            Pavarde10           5.27 6.59 2.48 8.89 3.47 2.98 1.86 3.07 9.84 7.16 5.23 7.22 2.63 6.20 9.07 5.08 8
Vardas11            Pavarde11           3.25 8
Vardas12            Pavarde12           3.53 5.01 8.90 3
Vardas13            Pavarde13           1.20 7.25 4.67 2.16 8.34 2.04 2.12 2.43 5.11 3.62 1.81 4.09 9.41 6.18 2.32 4
Vardas14            Pavarde14           7.13 7.41 3.12 4.57 3.57 6.80 2.86 3
Vardas15            Pavarde15           8.49 9.14 6.03 4.99 7.63 8
Vardas16            Pavarde16           5.39 3.18 3.34 1.83 3.45 4.65 7.97 5.20 5
Vardas17            Pavarde17           6.96 8.40 9.86 7
Vardas18            Pavarde18           4.35 7.40 1.71 3.98 2.89 2.19 4.03 6.01 5.37 8.09 1.12 9.19 2.29 6.48 5
Vardas19            Pavarde19           1.94 7.75 2.48 9
Vardas20            Pavarde20           4.86 9
Vardas21            Pavarde21           9.98 7.26 5.53 4.55 4.71 1.39 9.56 7
Vardas22            Pavarde22           3.96 9.43 6.96 3.29 7
Vardas23            Pavarde23           9.28 1.07 4.89 5.32 9.65 5.18 8.26 1.57 3.79 8.90 6.21 9.46 7
Vardas24            Pavarde24           1.05 2.79 5.88 7
Vardas25            Pavarde25           2.41 9.75 9.30 8.69 4.61 6
Vardas26            Pavarde26           3.08 3.34 8.49 7.31 4.27 6.06 2.74 5.07 3.46 2.20 2.62 1.99 1.43 5.31 3.55 7
Vardas27            Pavarde27           8.67 2.78 4.22 7.30 2.28 9.83 7.76 9.23 2
Vardas28            Pavarde28           1.21 4.90 8.30 2.20 9.47 7.78 3.98 5.84 6.02 7.23 1.43 1.19 5.61 4.96 3.04 3.63 1.16 1
Vardas29            Pavarde29           9.78 2.00 9.48 2.14 5
Vardas30            Pavarde30           8.62 8.78 2.48 4.27 7.37 1.79 1.51 2
Vardas31            Pavarde31           1.73 2.91 9.66 9.73 3.62 1.47 3.98 10
Vardas32            Pavarde32           1.28 2.34 7.57 3
Vardas33            Pavarde33           4.73 2.37 3.11 2.77 1.19 5.19 1.93 7.49 6.13 6.42 2.83 3.63 7.53 6
Vardas34            Pavarde34           6.64 3.55 1.22 7.55 9.11 5.38 6.03 3
Vardas35            Pavarde35           4.74 6.72 2.89 8.51 3.46 9.25 1.29 6.00 2.03 1.37 4
Vardas36            Pavarde36           9.19 5.03 5.86 1.13 1.55 1.70 6.09 6.32 6.10 9.48 3.14 1
Vardas37            Pavarde37           6.65 2.00 9.17 7.72 8
Vardas38            Pavarde38           4.67 8.55 2.22 5.52 7.46 5.86 3.44 8.58 1.13 1.54 10
Vardas39            Pavarde39           8.87 1.96 4.92 2.91 7.46 1.10 3.48 7.69 8.71 8.70 7.93 3
Vardas40            Pavarde40           5.10 8.85 6.13 4.21 8.81 5.92 7.37 2.77 5.69 6.63 9
Vardas41            Pavarde41           2.80 9.63 5.87 3.22 5.35 1.14 6.79 1.71 1.88 9.66 7.87 2
Vardas42            Pavarde42           8.81 3.26 9.88 7.67 1
Vardas43            Pavarde43           7.36 6.47 6.90 6.00 8.50 7.66 4.65 6
Vardas44            Pavarde44           7.45 7.84 7.99 3.33 9
Vardas45            Pavarde45           2.36 6.45 1.77 7.87 3.54 1.81 9.36 4.54 1
Vardas46            Pavarde46           1.93 6.76 4.88 1.49 4
Vardas47            Pavarde47           1.05 6.43 1.59 6.99 9.68 6.77 1.72 9.87 9.08 3.92 2.33 4.65 8
Vardas48            Pavarde48           9.17 4.80 6.76 4.35 9
Vardas49            Pavarde49           8.23 8.71 7.68 7.98 7.09 3.65 8.22 7.67 7.21 9.43 3.72 9
Vardas50            Pavarde50           4.55 8.64 7.58 7.12 7
Vardas51            Pavarde51           4.52 9.48 1.29 8.77 1.22 3.56 5.07 5.40 7.17 9.81 4.06 6.93 5.25 4.58 3.53 7.17 4.70 7.39 2
Vardas52            Pavarde52           4.40 9.84 3.10 2.85 6.86 2.45 1.41 9.71 6.86 7.08 1.52 7.57 8.25 2.18 3.19 8.51 5.05 8.32 6
Vardas53            Pavarde53           5.38 7.17 3.13 3.30 3.84 8.55 8
Vardas54            Pavarde54           3.08 9.16 4.24 7.09 2.11 8.11 5.62 1.23 7
Vardas55            Pavarde55           8.71 4.98 3.02 3.19 6.74 1.34 3.00 3.45 8.04 6.53 2.13 9
Vardas56            Pavarde56           5.17 8.61 9.86 5.08 3.09 6.72 7
Vardas57            Pavarde57           9.55 4.44 8.05 1.03 9.96 2.65 8
Vardas58            Pavarde58           1.53 4.99 8.44 9.59 3.46 2.36 6.00 6.33 7.05 8.62 9.61 2.41 6.01 5.27 8.70 2
Vardas59            Pavarde59           6.34 3.44 2.92 2.60 8.07 3
Vardas60            Pavarde60           7.53 8.46 3.35 7.70 1.66 3
Vardas61            Pavarde61           4.02 4.06 8.90 9.03 8.35 4.80 6.02 3.98 6.72 3.95 6.10 9.44 9.01 8.38 5.41 7.61 8.34 5.66 8.02 9.73 8.86 2
Vardas62            Pavarde62           7.38 5.84 8.47 9.78 6.39 4.85 2.70 3.88 9.74 2.46 3.76 5.56 8.83 7.16 5.40 2
Vardas63            Pavarde63           6.00 6.35 6.13 8.82 1.40 7
Vardas64            Pavarde64           5.08 2.04 4.31 5.59 9.23 6.73 5.10 6.22 2.81 7.20 6.29 8.37 5.23 8.38 7.69 1
Vardas65            Pavarde65           7.58 2.83 5.95 5.70 1.01 3.31 2
Vardas66            Pavarde66           8.14 1.13 2.12 8.96 8.61 4.67 8.09 2.55 2.43 1.14 9.64 5.05 3.20 4.86 8.33 8.17 1
Vardas67            Pavarde67           6.02 5.01 3.15 9.37 9.19 4.40 3.12 6.00 6.09 2.78 2.64 6.73 3
Vardas68            Pavarde68           7.35 5.95 8.98 5.54 7.46 4.92 8.60 6.70 3.36 5.76 5.33 7.01 6
Vardas69            Pavarde69           2.30 9.45 6.65 3.23 1
Vardas70            Pavarde70           7.92 8.68 1.28 2.46 6.10 1
Vardas71            Pavarde71           5.86 1.06 3.62 7.89 3.55 3.87 2.94 8.86 5.63 5.80 3.52 7.85 4.58 8.42 2
Vardas72            Pavarde72           2.35 5.48 4.46 2.96 8.46 5
Vardas73            Pavarde73           8.54 7.13 6.07 6.03 1.27 2.46 1.52 3.80 9.13 1.46 6.17 7.94 9.34 5.17 7.31 10
Vardas74            Pavarde74           5.56 9.22 3.92 3
Vardas75            Pavarde75           6.77 1.78 7.24 7.16 7.51 8.01 1.57 3.32 2.66 7
Vardas76            Pavarde76           5.27 4.95 5.38 8.42 7.26 7.74 1.90 6.75 4.79 3.74 7.83 7.37 4.93 1.28 9.88 5.99 8.20 2.95 5.27 10
Vardas77            Pavarde77           9.76 3.37 3.98 2.58 1.39 6.10 3.73 1.02 1.90 4
Vardas78            Pavarde78           1.63 2.96 1.00 3.06 8.37 9.28 6.08 9.71 1.08 2.36 7.71 3.17 9.99 6.20 2.21 2
Vardas79            Pavarde79           5.68 7.47 2.34 3.94 4.73 7.84 7.80 5.53 2
Vardas80            Pavarde80           7.59 5.07 8.29 7.42 4.56 7.58 7.00 5.01 6.30 9.50 7.57 8
Vardas81            Pavarde81           1.81 9.39 4.25 9.87 8.22 8.01 1.84 5.22 3.43 1.85 3.11 9.51 1.51 8
Vardas82            Pavarde82           3.80 8.45 4.52 3
Vardas83            Pavarde83           8.93 3.30 8.31 5.54 4.60 2.92 2.55 6.21 2.93 5.74 2.10 1.24 6.17 2.95 1.21 7
Vardas84            Pavarde84           8.87 1.97 7.09 2.66 7.25 1.46 8.45 2.55 8.38 4.09 4.55 1.84 7.75 8.02 5.13 2.56 1.49 5
Vardas85            Pavarde85           5.37 3.21 1.30 9.30 2.38 5.83 6.11 8
Vardas86            Pavarde86           7.34 4.42 5.74 9.32 1.76 2.30 3.20 6.46 5.49 7.66 7.91 2.02 9.61 6.25 3.18 10
Vardas87            Pavarde87           7.74 4.49 5.44 1.82 5.27 7.06 4
Vardas88            Pavarde88           4.07 3.17 1.99 7.45 4.36 7.03 1.64 3.63 8.68 9.51 5
Vardas89            Pavarde89           8.54 5.38 7.12 5.08 5.03 2.63 9.67 6.40 4
Vardas90            Pavarde90           9.73 1.64 5.30 6.93 3.31 8.30 9.55 7.07 1.35 3
Vardas91            Pavarde91           7.96 1.00 2.12 4.07 3.65 9.24 8
Vardas92            Pavarde92           2.77 3.76 6.93 1
Vardas93            Pavarde93           8.22 1.69 4.74 6.79 5.14 2.45 7
Vardas94            Pavarde94           2.81 8.24 8.15 9.76 9.77 7.46 9.77 3
Vardas95            Pavarde95           8.31 6.40 4.18 10
Vardas96            Pavarde96           5.87 1.76 9.63 7.38 6.49 3.70 2.85 3.62 5.38 5.92 9.24 6
Vardas97            Pavarde97           6.25 7.45 6.19 9.09 2.84 3.68 6.78 3.72 5.51 1.48 5
Vardas98            Pavarde98           1.29 9.90 8.76 8.20 6.18 1.39 4
Vardas99            Pavarde99           9.06 8.13 9.65 7.80 7.20 3.51 1.69 7.31 4
Vardas100           Pavarde100          2.68 7.72 3.50 8.22 1.98 1.58 9
Vardas101           Pavarde101          3.16 7.28 4.06 8.96 8.32 3.50 7.73 6
Vardas102           Pavarde102          2.69 2.84 3
Vardas103           Pavarde103          2.10 7.56 5.85 1.01 9.57 1
Vardas104           Pavarde104          7.22 4.02 4.12 6.29 9.38 8.75 7.93 5.60 9
Vardas105           Pavarde105          9.19 1.26 2.03 3.33 2.18 5.56 4.73 9.83 8.11 6
Vardas106           Pavarde106          6.45 7.60 1.46 9.15 6.84 6.82 8.03 2.43 2
Vardas107           Pavarde107          5.94 4.50 7.87 2.25 2.03 9.04 2.59 5.09 4.26 4.25 8.09 2.81 7.84 3.64 4.45 3.71 5.57 5.53 2.73 6
Vardas108           Pavarde108          7.24 5.31 1.43 7.65 4.53 8.83 9.39 9.36 2.78 4
Vardas109           Pavarde109          8.39 2.55 4.90 8.36 3.90 4.17 5.03 4.38 9.45 1
Vardas110           Pavarde110          6.21 9.20 1
Vardas111           Pavarde111          9.32 5.61 1.49 7.63 4.82 3.33 8.08 10
Vardas112           Pavarde112          8.19 8.91 7.38 8.46 8.78 4
Vardas113           Pavarde113          1.34 7.38 6.73 4.20 1.34 6.60 7.44 8
Vardas114           Pavarde114          3.48 5.68 1.15 9.23 2.37 6.90 2.52 2.54 9.93 1.99 10.005.50 2.08 8
Vardas115           Pavarde115          7.29 7.93 8.23 8.37 1
Vardas116           Pavarde116          1.05 5.18 3.63 8
Vardas117           Pavarde117          2.75 3.99 5.53 5.62 4
Vardas118           Pavarde118          3.62 6.73 7.73 6.25 4.83 5.72 4
Vardas119           Pavarde119          6.13 7.18 6.79 3.52 5.06 3.92 2.01 5.21 6.18 7.68 7.99 2.34 4
Vardas120           Pavarde120          6.47 3.86 4.09 8.14 3.34 7
Vardas121           Pavarde121          7.29 7.52 3.84 6.57 5.33 9.25 9.90 9
Vardas122           Pavarde122          1.59 2.48 7.65 9.24 8.93 3.54 2.23 2.31 9.03 7.69 5.17 5.17 3
Vardas123           Pavarde123          3.78 1.78 3.52 7.23 1.91 9.92 5.07 8.64 5.17 7.82 1
Vardas124           Pavarde124          6.17 4.38 7.55 7.40 1.95 5.66 6.85 9.73 2.14 2.87 1.80 3.70 7
Vardas125           Pavarde125          7.85 5.40 9.86 6.27 8.51 10
Vardas126           Pavarde126          5.30 2.31 3.06 5.93 9.23 2.52 8
Vardas127           Pavarde127          1.29 5.39 3.71 3.31 7.76 3.87 4.90 4.12 1
Vardas128           Pavarde128          5.27 8.28 4.80 7.26 2.18 5.24 1.00 4.99 1.57 4.33 9
Vardas129           Pavarde129          1.06 5.73 9.83 8.41 4.48 1.42 9.94 7.50 7.44 3.90 3.77 6.19 1.16 2.59 3
Vardas130           Pavarde130          2.79 5.04 9
Vardas131           Pavarde131          7.81 2.78 5.94 6.16 2.61 5.03 3.75 8.70 3.80 6.20 6.91 3.16 8.94 2.02 2.29 7.63 6.89 6.28 1
Vardas132           Pavarde132          3.61 4.64 3.24 5.75 4.38 1.95 3.08 2.82 2.31 8.78 9.11 7
Vardas133           Pavarde133          8.80 2.22 2.69 1.13 6.90 7.01 3
Vardas134           Pavarde134          8.96 3.71 2.35 7.86 4.62 4.78 10
Vardas135           Pavarde135          6.06 7.05 4.52 5.97 4.22 6.46 1.95 1.20 5.59 1.71 1.15 8.61 9.07 5.42 5.92 10
Vardas136           Pavarde136          1.47 8.14 1.00 7.11 1.98 6.70 2.78 10
Vardas137           Pavarde137          2.18 5.76 3.86 9.22 1.59 2.02 4.42 7.25 4.03 9.26 6.82 6.32 5.12 4.99 9.17 6.61 1.16 2.00 9.37 3
Vardas138           Pavarde138          2.72 9.42 4.11 9.46 6.13 4.42 3.49 5.28 3.40 1.74 3.07 5.84 4.45 7.78 10
Vardas139           Pavarde139          5.78 6.97 4.11 4.51 3.07 3.51 6.89 4.63 3
Vardas140           Pavarde140          3.78 9.36 1.87 9.36 7.39 1
Vardas141           Pavarde141          2.48 2.64 3.81 8.39 1.15 3.00 9.04 9.48 4.97 5.83 2.37 10
Vardas142           Pavarde142          6.65 3.63 8.01 8.83 2
Vardas143           Pavarde143          9.54 4.61 4.00 4.92 1.66 6.47 8.76 9.99 4
Vardas144           Pavarde144          2.90 9.55 2.01 3.45 8.31 3.91 7.91 3.23 8.86 2.21 5.66 7.31 6.01 8.23 4.74 9
Vardas145           Pavarde145          8.77 1.59 3.42 8.48 8.38 9.00 7.51 8.50 9.88 1.81 5.27 6.69 5.78 8.41 4.94 9.37 1
Vardas146           Pavarde146          1.02 1.90 6.68 2
Vardas147           Pavarde147          8.67 7.61 4.54 5.97 8.64 3.97 9.31 8.46 3.66 6.02 4.39 2
Vardas148           Pavarde148          6.84 6
Vardas149           Pavarde149          7.79 2.83 6.80 3.88 3.75 4.24 5.10 4.16 2.67 3.43 7
Vardas150           Pavarde150          8.64 9.64 6.30 5.83 6.96 6
Vardas151           Pavarde151          8.85 6.33 9.99 2
Vardas152           Pavarde152          7.32 1.99 4.30 3.89 8.63 9.07 6.29 3
Vardas153           Pavarde153          8.61 2.59 4.50 3.27 7.94 5
Vardas154           Pavarde154          5.20 1.25 4.35 5.06 7.76 4.20 9.32 1.20 7.37 5.91 9.42 4.90 8.43 1.06 9
Vardas155           Pavarde155          9.44 5.51 6.69 4.38 9.17 5.96 6.91 1.14 7.89 6
Vardas156           Pavarde156          1.33 2
Vardas157           Pavarde157          1.18 5.92 9.12 6.70 5.10 4.02 7.26 3.22 1.34 5.21 6.82 3.23 7.85 9
Vardas158           Pavarde158          5.78 7.35 5.78 3.36 9.74 2.35 6.45 4.14 7.00 4
Vardas159           Pavarde159          9.66 7.48 5.17 5.66 1.95 5.51 6.76 4.61 5.63 1.16 1.48 7.52 6.50 6.99 4
Vardas160           Pavarde160          4.82 9.71 6.04 2.16 9.71 1.29 8.57 3.35 7.62 2.83 5.93 4.00 8.10 5
Vardas161           Pavarde161          6.28 1.78 8.79 3.63 2.77 8.62 1
Vardas162           Pavarde162          8.10 3.28 5.71 1.07 7.10 8.67 6
Vardas163           Pavarde163          1.05 5.40 6.84 3.05 9.94 7.72 7.50 7.00 1.40 1.02 6.19 2.25 5.04 7.22 4.10 5.79 9
Vardas164           Pavarde164          1.23 6.28 4.99 5.39 7.44 5.78 7.67 3.49 2.29 4.70 9.50 6.09 3.28 8
Vardas165           Pavarde165          7.00 6.66 8.04 2.92 3.02 3.28 4.38 9.86 4.65 5.14 5.51 7
Vardas166           Pavarde166          1.76 8.78 2.49 7.27 3.90 4.17 6.42 6.53 7.11 7
Vardas167           Pavarde167          5.41 9.10 6.56 3.68 5.62 2.63 3.05 2.32 3.78 6
Vardas168           Pavarde168          7.67 1.55 1.65 7.55 1.20 5.56 8.93 6.74 3.66 9.56 2.05 1.89 1.43 9
Vardas169           Pavarde169          2.86 5.19 4.71 6
Vardas170           Pavarde170          6.74 5.31 8.09 4.68 1.88 1.43 5.01 1.11 3
Vardas171           Pavarde171          1.43 9.38 6.30 9.09 2.67 2.11 5.05 3
Vardas172           Pavarde172          7.39 5.34 4.60 1.96 1.06 1.95 7.25 2.38 9
Vardas173           Pavarde173          5.66 3.09 3.73 7.24 8.90 5.57 6
Vardas174           Pavarde174          4.61 4.39 5
Vardas175           Pavarde175          9.27 6.33 8.84 5
Vardas176           Pavarde176          2.54 1.23 1.77 9.53 3.58 2.41 6.24 4.06 5.05 4.20 8.45 1.43 6.52 2.51 1.79 8.20 8.59 5.49 5
Vardas177           Pavarde177          9.76 3.92 1.53 3.33 2
Vardas178           Pavarde178          8.30 2.07 9.52 1.27 9.58 6.60 6.83 9.99 8.89 4.94 4.81 1.87 4.45 9
Vardas179           Pavarde179          6.50 5.92 6.47 3.46 4.09 3.25 1.25 3.63 3.55 9.47 9.97 6
Vardas180           Pavarde180          7.15 4.14 4.15 8
Vardas181           Pavarde181          9.31 9.34 4.14 1.50 8.78 8.81 3.94 3.18 1.73 5.71 5.98 3.72 2
Vardas182           Pavarde182          6.06 4.15 4.69 3.58 1.34 7.74 1.92 7.04 7.60 3.74 6.88 4
Vardas183           Pavarde183          4.50 1.99 1.20 5
Vardas184           Pavarde184          7.93 2.02 5.60 9.78 8.94 6.02 8.78 5.98 5.86 8.85 3
Vardas185           Pavarde185          5.94 5.94 7.62 1.71 9.22 6.83 6.73 6.21 6.21 7
Vardas186           Pavarde186          8.53 7.82 9.69 1.26 2.15 5.66 8.63 9.49 5.95 3.93 7
Vardas187           Pavarde187          7.28 8.92 4.18 5.66 9.09 5.62 7.74 6
Vardas188           Pavarde188          4.03 4.50 7.51 3.67 2.75 1.04 1.69 7.57 4.85 4.45 7.49 1.82 3
Vardas189           Pavarde189          6.70 2.26 1.11 8.09 2.26 8.73 1.91 1
Vardas190           Pavarde190          1.54 3.59 5.85 3.04 2.82 8.78 2.39 6
Vardas191           Pavarde191          1.80 9.48 8.74 2.80 7.78 9.78 4.32 3.30 9.49 5
Vardas192           Pavarde192          3.19 9.26 7.16 6.97 9.05 6.37 1.90 8.98 2
Vardas193           Pavarde193          3.08 8.59 2.31 7.07 8.81 6.46 8.74 5
Vardas194           Pavarde194          4.59 7.50 4.17 8.32 1.49 2
Vardas195           Pavarde195          9.40 4.20 7.72 8.73 6.81 3.00 8
Vardas196           Pavarde196          1.47 7.97 6.39 3.45 6.45 7.72 2.98 7
Vardas197           Pavarde197          9.57 7.52 5.71 6.86 4.53 3.85 6.80 9.03 8.19 1.66 3.78 9.02 1.28 6.12 7
Vardas198           Pavarde198          5.68 4.65 9.18 4.40 9.09 6.47 1.88 7
Vardas199           Pavarde199          4.81 1.14 9.18 3.52 7.82 2.35 1.73 9.06 8.21 4.16 8
Vardas200           Pavarde200          3.81 9.22 6.57 9.73 9.42 4.08 4.93 9.91 7.80 2.63 5.82 4
Vardas201           Pavarde201          5.80 4.41 6.32 5
Vardas202           Pavarde202          3.26 4.29 7.92 8.99 1.11 3.08 1.31 1.99 7.62 6
Vardas203           Pavarde203          8.92 7.20 1.36 6.61 9.59 7.76 1.14 3.74 1
Vardas204           Pavarde204          3.73 4.01 6.95 5.14 7.23 1.75 2.76 5.36 6.58 4.35 8
Vardas205           Pavarde205          7.87 4.24 9.11 8.70 6.07 2.68 9.30 2.42 4.88 4.06 2.47 9.97 1.48 2.20 7.36 6.46 8.09 8.43 3.91 6.92 1.11 9
Vardas206           Pavarde206          8.91 6.87 3.42 6.09 4.38 9.80 5.43 7.60 3.87 1.53 2.60 1.97 3
Vardas207           Pavarde207          3.23 5.34 4.61 4.12 4.04 8.68 6.88 9.01 8.59 4.38 7.39 8
Vardas208           Pavarde208          5.27 3.52 7.93 5.54 9.60 7.10 3.08 3.91 5.64 3
Vardas209           Pavarde209          2.56 1.49 6.78 5.24 8.82 5.66 4
Vardas210           Pavarde210          8.76 1.96 5.42 5.21 8.23 7.69 5.68 9.28 7.42 6.37 4.38 6.06 9.61 7.84 2.32 1.51 8.81 4
Vardas211           Pavarde211          6.64 5.51 1.51 2.26 8.28 4.83 7.62 7.40 2
Vardas212           Pavarde212          7.26 7.04 2.23 2.78 4.89 5.59 1
Vardas213           Pavarde213          9.48 1.89 7.27 3.44 7.01 7
Vardas214           Pavarde214          7.58 9.38 1.95 1
Vardas215           Pavarde215          9.61 6.81 9.32 7.09 2.55 7.94 4.65 8.45 4
Vardas216           Pavarde216          3.78 8.60 9.58 4.95 7.61 4.39 7.41 4
Vardas217           Pavarde217          1.25 5.98 4.92 2.50 3.29 7.34 1.05 8.43 4.42 6.60 4
Vardas218           Pavarde218          6.52 9.83 9.02 7.25 2.26 7
Vardas219           Pavarde219          4.53 4.44 10
Vardas220           Pavarde220          3.20 5.21 7.21 8.94 7.73 6.91 2.79 2.24 7.67 2.74 7
Vardas221           Pavarde221          6.91 9.64 8.03 1.93 2.08 1.93 7.69 1
Vardas222           Pavarde222          7.28 2.76 2.41 3.58 4.61 3.18 9.91 7.53 4.94 1.04 3.74 7.13 2
Vardas223           Pavarde223          7.52 1.80 8.75 9.00 8.99 6.35 1.70 2
Vardas224           Pavarde224          6.02 2.42 3.73 9.74 8.24 8.15 3.88 3.83 1.45 6.85 2.66 6.25 3.02 6
Vardas225           Pavarde225          8.86 7.39 7.05 7.68 1.62 3.11 4.58 9.53 6
Vardas226           Pavarde226          7.57 4.01 4.69 4.90 3.55 1.37 2.83 9.62 8.75 8
Vardas227           Pavarde227          5.72 6.66 9.50 3.63 9.40 9.31 4
Vardas228           Pavarde228          8.00 5.64 3.57 1.67 8.84 1.46 1.72 5.61 2.81 1.05 5.03 1.71 2.37 9.20 9.43 8.76 8.21 8
Vardas229           Pavarde229          7.50 6.55 4.67 9.34 6.62 6.04 6.35 3.50 8
Vardas230           Pavarde230          4.48 7
Vardas231           Pavarde231          7.00 1.07 5.97 1.53 9.49 9.15 5.07 2.41 9.95 8.73 8.46 2.64 1.76 1
Vardas232           Pavarde232          9.98 3.07 6.46 3.36 5.06 1
Vardas233           Pavarde233          4.70 5.89 5.27 8.32 8
Vardas234           Pavarde234          1.44 7.16 6.06 2.54 2.01 1.30 8
Vardas235           Pavarde235          9.16 1.38 2.93 1.15 6.45 6.82 4.60 3.69 8
Vardas236           Pavarde236          4.58 9.14 8.50 7
Vardas237           Pavarde237          2.86 1.15 6.90 5.31 7.57 4.09 8
Vardas238           Pavarde238          2.49 3.52 7.17 4.11 2.04 2.16 6.44 4
Vardas239           Pavarde239          9.21 1.99 5.83 9.46 5.31 2.57 9.71 2
Vardas240           Pavarde240          8.06 9.64 4.11 7.56 8.24 7.91 3.60 6.89 3.30 4.97 5.47 3.93 7.06 2.01 1.12 9
Vardas241           Pavarde241          9.69 1.36 8.20 6.42 4.76 6.87 8.99 1.90 4.20 9.46 1.70 3.27 7
Vardas242           Pavarde242          4.20 3.39 7.07 6.53 3.79 3.44 3.27 2.81 2.26 6
Vardas243           Pavarde243          1.37 2.97 6.03 8.38 6
Vardas244           Pavarde244          1.03 2.81 2.02 7.52 8.24 5.49 2.25 5.82 5.32 6.32 9.01 7
Vardas245           Pavarde245          3.77 2.64 4.03 2.78 8.94 3.68 7.87 8.91 3.39 4.67 6.69 8.29 6
Vardas246           Pavarde246          2.26 2.46 4.80 2.06 9.55 4.45 4.98 9.47 1.10 1.88 3.07 3.72 2
Vardas247           Pavarde247          4.26 4.96 4.01 7.01 3.50 2.92 9.79 6
Vardas248           Pavarde248          3.34 2.12 9.48 6.48 3.68 3.75 8.43 6.23 4
Vardas249           Pavarde249          7.13 7.09 9.96 4.56 10
Vardas250           Pavarde250          6.67 2.16 8.47 9.90 4.00 2
Vardas251           Pavarde251          7.71 1.83 7.97 5.16 4.12 2.76 3.33 1.83 3.47 6.64 5
Vardas252           Pavarde252          3.88 9.00 4.19 7
Vardas253           Pavarde253          5.20 8.45 7.50 4.81 7.00 5.11 4.80 1.66 5.30 8.17 5
Vardas254           Pavarde254          5.53 6.51 4.51 2
Vardas255           Pavarde255          1.81 7.06 5.83 1.32 9.77 2.04 1.56 9.76 4
Vardas256           Pavarde256          1.47 6.82 7.17 1.46 7.31 2.41 1.61 4.24 8.25 7.17 8.86 8
Vardas257           Pavarde257          4.72 3.77 4.11 3.23 1.21 4.25 9.55 1.64 7.59 5.04 3.71 1
Vardas258           Pavarde258          9.60 4.77 1.90 2.03 4.75 3.76 6.00 7.29 6.23 5.04 4
Vardas259           Pavarde259          5.95 4.83 9.91 4.99 8.51 7.84 6.10 4.97 7.18 9.01 1.45 9.06 7
Vardas260           Pavarde260          5.94 6.72 3.60 1.11 2
Vardas261           Pavarde261          4.87 2.98 5.88 2.98 8.25 7.85 6.46 2.28 1.66 5.39 9.25 3.57 6.78 6.51 4.49 8.36 7.98 8.00 2.05 10
Vardas262           Pavarde262          8.93 5.05 7.50 9.88 3.63 2.36 3.99 3.58 3.19 3.71 6.43 1
Vardas263           Pavarde263          7.70 4.83 4.34 3.17 5.27 9.61 2.83 3.05 2.05 3.46 9.62 3.83 9.45 8.87 9.20 4
Vardas264           Pavarde264          8.89 8.27 7.17 5.90 5.17 8.09 2.87 9.93 5.01 2.43 2.87 6.46 6.43 9
Vardas265           Pavarde265          2.61 7.20 5.56 5.34 7
Vardas266           Pavarde266          7.44 3.74 8.36 1.24 3.21 3.89 4.40 8.24 7.10 3.80 4
Vardas267           Pavarde267          7.48 3.71 7.79 1.18 7.96 2.61 1.55 7.28 5
Vardas268           Pavarde268          7.12 5.29 9.04 9.84 8.21 7.38 1.46 4.33 3
Vardas269           Pavarde269          3.45 6.05 9.66 9.19 9.27 4.98 4.64 2.92 8.88 3.60 4.32 3.94 7.72 3.67 1.53 7.63 9.09 1.32 8.68 9
Vardas270           Pavarde270          8.46 5.88 2.37 2.39 5.84 1.01 4.61 1.95 5.42 5.22 2.98 3.28 8.64 8.92 9.52 5
Vardas271           Pavarde271          3.67 8.79 6.14 8.92 5.49 3.83 2.47 1.62 10
Vardas272           Pavarde272          5.59 8.44 4.99 8.91 9.65 2.59 2.04 4
Vardas273           Pavarde273          7.16 6.03 2.09 1
Vardas274           Pavarde274          2.32 2.14 5.48 4.55 3.66 4.03 1.01 7
Vardas275           Pavarde275          4.03 9.48 8.54 9.45 4.05 9
Vardas276           Pavarde276          1.16 5.15 1.86 4.27 2.73 9.89 8.75 3
Vardas277           Pavarde277          6.98 1.54 2.05 9.58 6.35 4
Vardas278           Pavarde278          6.28 9.24 9.08 9.05 1.81 3.40 4.89 2.42 6.33 8.39 8.90 6.65 3.17 8
Vardas279           Pavarde279          9.78 7.93 5.36 1.50 4.74 8.04 8
Vardas280           Pavarde280          3.52 4.78 4.30 3.55 8.75 3.10 4.65 5.54 5.84 6.69 2
Vardas281           Pavarde281          6.09 4.02 5.97 3.82 5.43 1.94 7.99 4.74 9
Vardas282           Pavarde282          4.66 9.94 3.76 7.02 9.30 8
Vardas283           Pavarde283          9.04 2.62 7.10 6.01 1.91 1.87 4.97 4.56 6
Vardas284           Pavarde284          5.04 1.45 8.90 7.13 6.90 8.44 6.02 5.36 8
Vardas285           Pavarde285          9.39 4.93 5.58 1.29 8.82 3.41 7.76 1.91 9.02 7.90 1
Vardas286           Pavarde286          7.32 6.72 8.52 6.79 3.95 1.41 8.65 3.68 6.62 4.39 5.23 3.44 7.26 5.59 8.87 9.29 9.60 6
Vardas287           Pavarde287          8.09 3.17 9.32 2.58 3.21 4.17 7.99 4.05 9
Vardas288           Pavarde288          7.06 9.87 7.90 9.56 9.47 2.37 3.44 7
Vardas289           Pavarde289          9.46 9.95 1.32 9.62 5.47 8.64 8.74 7.55 7.86 3
Vardas290           Pavarde290          6.26 2.16 5.25 3.13 8.23 2
Vardas291           Pavarde291          3.59 6.86 4.09 8.82 2.52 6.97 1.65 1.98 3.47 1.25 5.98 5.93 1.61 8.22 4
Vardas292           Pavarde292          9.80 1.15 5.75 9.69 4.05 7.79 7
Vardas293           Pavarde293          7.57 5.62 8.79 8.17 9.02 8.87 3.76 6.60 9.75 6.51 9
Vardas294           Pavarde294          5.24 7.87 1.19 2.65 4.31 2.01 8.75 9.22 9.98 2.62 3.42 6
Vardas295           Pavarde295          3.95 6.87 8.36 7.68 8.09 3.01 3.38 2.02 8.11 8.70 2.25 5.68 4.20 8.25 2
Vardas296           Pavarde296          2.26 5.30 5.48 9.87 2.91 7
Vardas297           Pavarde297          8.59 6.40 6.52 4.27 9
Vardas298           Pavarde298          7.98 6.98 4.76 9.87 2.31 1.30 8.79 3.78 1
Vardas299           Pavarde299          9.92 2.71 1.19 8.99 2.57 2.06 6.46 2.81 2.52 7.70 3.96 7.78 2.25 6.82 5.62 5.18 9.87 9.97 3
Vardas300           Pavarde300          5.87 5.68 8.93 9.20 7.37 1
Vardas301           Pavarde301          3.82 9.96 7.85 2.16 9.08 9.98 4.15 3.56 4.28 8.04 7
Vardas302           Pavarde302          1.86 6.13 2.19 8.55 2.69 1.92 7.57 2.38 7
Vardas303           Pavarde303          8.31 5.80 7.07 6.40 9.79 1
Vardas304           Pavarde304          1.33 7.68 7.66 2.60 7.12 7.04 4.52 9.59 9
Vardas305           Pavarde305          7.47 8.11 6.14 4.89 1.62 10.003.20 4.93 1
Vardas306           Pavarde306          2.96 9.62 4.53 9.71 6.45 1.21 7.12 8
Vardas307           Pavarde307          2.61 4.39 3.40 6.36 2.53 9.86 6.40 4.54 2
Vardas308           Pavarde308          7.89 2
Vardas309           Pavarde309          3.40 8.92 8.94 1.16 6.58 3.04 1.00 2.26 4.29 3.68 7.38 3.64 9
Vardas310           Pavarde310          3.59 1.15 10.003.75 6.32 2.44 6.56 5
Vardas311           Pavarde311          7.28 2.61 5.91 7.96 7.03 6.81 7.18 9.96 1.22 2.01 7
Vardas312           Pavarde312          8.46 3.90 2.74 9
Vardas313           Pavarde313          2.91 5.47 7.51 7.25 8.07 5.76 3.33 7.31 3.92 5
Vardas314           Pavarde314          2.52 4.19 4.10 9.39 8.39 2.97 6.62 8.69 1.27 2.83 5.56 4.35 5.65 7.65 2.65 6.91 10
Vardas315           Pavarde315          6.95 7.83 2.53 3.70 5.99 1.30 9.01 8.24 8.69 1.70 1.47 6.07 1.73 3.52 9.94 8.49 5
Vardas316           Pavarde316          6.35 5.82 6.51 5.28 4.16 4.16 4.78 8
Vardas317           Pavarde317          3.59 7.06 4.77 8.22 9.47 4.17 6.67 6.97 4.76 9.75 1.39 9.58 9.25 3.76 7.37 6
Vardas318           Pavarde318          5.62 1.05 2.50 8.86 5
Vardas319           Pavarde319          5.61 9.63 4.73 9.57 2.79 2.09 1.77 10
Vardas320           Pavarde320          6.25 3.42 1.57 6.40 4.14 8.91 2.78 5.84 6.45 2.54 2
Vardas321           Pavarde321          4.11 2.88 9
Vardas322           Pavarde322          2.40 3.61 8.21 6.29 1.72 5.25 2.13 9.65 7.86 2
Vardas323           Pavarde323          4.34 2.05 2.41 5.58 6.88 1.71 5
Vardas324           Pavarde324          9.46 7.48 4.71 5.21 9.26 5.55 8.47 4.98 7.24 9
Vardas325           Pavarde325          9.34 6.18 5.83 7.53 8.48 2.13 5.48 3.55 2.67 2.20 3.43 8
Vardas326           Pavarde326          3.52 4.40 6.90 4.59 7.39 8.76 3.90 7
Vardas327           Pavarde327          1.91 4.80 8.93 1.96 3.51 2.26 2
Vardas328           Pavarde328          5.70 8.77 6.60 1.22 3.25 2.76 1.09 6.90 1.07 6.53 8.84 1
Vardas329           Pavarde329          2.14 4.31 4.61 6.65 6.82 2.41 6.83 7.92 7.77 4.22 4.01 7.28 2.81 6
Vardas330           Pavarde330          9.39 8.13 1.72 6.66 9.85 3.77 9.59 5.81 1.14 9.67 6.35 2
Vardas331           Pavarde331          5.71 2.07 8.21 8
Vardas332           Pavarde332          1.10 7.36 4.59 8.55 9.45 2.19 9.77 5.15 6.04 5.01 3
Vardas333           Pavarde333          5.49 5.02 5
Vardas334           Pavarde334          7.68 5.25 9.83 2.84 8.81 2.30 3.44 6.45 6
Vardas335           Pavarde335          8.47 8.17 6.15 5.49 2.30 10
Vardas336           Pavarde336          4.60 6.19 6.05 5.32 8.96 3.86 4.79 4.31 1.20 5.55 8.58 5
Vardas337           Pavarde337          2.15 6.77 2.74 9.19 9.22 8.46 5.03 9.63 3.21 8.26 4.84 8.22 2.70 9
Vardas338           Pavarde338          2.97 6.69 3.97 7.12 1.69 6.05 4
Vardas339           Pavarde339          8.97 8.36 8.99 2.26 2.66 8.77 7.36 8.30 8.74 7.86 2.09 9.60 1
Vardas340           Pavarde340          6.92 4.84 8.25 6.47 2.10 5.76 2.82 6
Vardas341           Pavarde341          7.40 9.51 7.55 3.57 2.81 7.84 9.88 5.87 9.32 6
Vardas342           Pavarde342          6.26 5.99 4.26 6.59 3.28 5.14 7.50 3.03 4.26 9
Vardas343           Pavarde343          7.02 4.32 7.99 1.36 3.14 9.99 8.34 9.90 5
Vardas344           Pavarde344          2.68 6.60 1.89 5.71 3.88 1.88 3.04 5.95 9.68 2.58 9
Vardas345           Pavarde345          7.86 8.97 6.50 2.68 8.78 1.34 6.71 6.27 1.93 1.39 9
Vardas346           Pavarde346          3.35 4.07 7.13 1
Vardas347           Pavarde347          1.16 4.56 6.14 9.74 9.37 8.53 9.95 5.21 3.77 1.06 5.66 3.52 7.80 8.41 5.00 1.44 3
Vardas348           Pavarde348          3.15 8.95 3.58 1.11 9.37 2.94 3.43 2.28 5.88 4.88 7.91 6.10 4.20 9.70 8.13 2.28 1.60 9.80 3.09 3.90 1.54 7.33 8
Vardas349           Pavarde349          4.93 5.43 1.82 2.55 2.54 5.69 8.62 9.71 3.63 8
Vardas350           Pavarde350          8.31 5.59 4.75 8.75 6.12 5.09 3.67 4.75 3.71 5.62 8.65 8.88 5.46 9.86 3
Vardas351           Pavarde351          1.05 3.82 2.93 9.74 2.32 1.07 6.59 7.68 6.18 5.26 6.64 6
Vardas352           Pavarde352          8.61 4.05 4.28 2.12 4.98 8.52 6.95 4.65 9
Vardas353           Pavarde353          8.94 9.67 1
Vardas354           Pavarde354          8.04 6.44 3.59 4.22 5.07 3
Vardas355           Pavarde355          4.32 2.60 7.44 9.16 7.45 1.50 2.09 5
Vardas356           Pavarde356          3.30 2.72 7.45 4.24 9.96 5.77 4.52 3.31 5.62 3.90 4.43 7.32 1.76 9.80 4
Vardas357           Pavarde357          8.23 7.21 5.64 1.86 5.08 7.46 9.39 8.82 1.44 8.36 5.56 8.50 2.35 3.35 10
Vardas358           Pavarde358          3.88 5.52 2.33 7.26 6.99 6.34 9.51 2.37 2.55 9.43 1.91 4.39 6
Vardas359           Pavarde359          9.35 3.84 4.27 3.36 1
Vardas360           Pavarde360          2.69 8.67 5.48 5.75 1.67 2
Vardas361           Pavarde361          8.23 6.36 8.25 8.07 4.05 7
Vardas362           Pavarde362          8.35 2.08 5.77 9.98 8.60 4.96 4.28 6.67 9.19 1.76 8.55 4
Vardas363           Pavarde363          2.48 7.01 3.27 7.16 3.31 2.20 6.51 4.92 1.05 5.87 2.19 2
Vardas364           Pavarde364          1.81 2.48 2.20 10.008.42 2.95 4
Vardas365           Pavarde365          2.61 2.75 4.38 3.00 9.22 4.49 5.35 2.76 2.68 9.19 7
Vardas366           Pavarde366          9.07 1.58 4.45 4.31 7.81 3.85 3.69 7.45 5.75 9.72 5
Vardas367           Pavarde367          9.38 6.11 3.97 1
Vardas368           Pavarde368          3.37 1.29 9.66 3.39 2.37 3.45 8.52 6.94 4
Vardas369           Pavarde369          6.19 1.61 5.92 8.79 2.65 4.31 2.11 5.90 5.63 9
Vardas370           Pavarde370          3.72 9.49 7.44 6.97 7.43 2.38 5.22 6.09 7.19 4.55 3.43 7.99 1.20 3.78 7
Vardas371           Pavarde371          8.32 5.59 8.67 4.11 5.22 9.53 6.82 8.80 9.62 4.41 8.95 5.77 4.99 1.00 5.14 5.91 6.66 3.25 10
Vardas372           Pavarde372          8.39 6.01 9.33 4.49 2
Vardas373           Pavarde373          9.84 1.70 2.07 2.42 4.21 6.24 4.63 7
Vardas374           Pavarde374          5.90 8.14 9.58 5.61 4.38 1.42 6.85 7.28 9.50 2.73 3.22 10
Vardas375           Pavarde375          7.12 9.94 8.45 5.35 1.74 2.23 4.12 2.52 8.45 5
Vardas376           Pavarde376          6.32 7.75 9.48 7.72 8.38 6.60 5.64 5.51 3.53 2.77 6.94 1
Vardas377           Pavarde377          8.74 9.13 3.93 6.71 7.32 4.43 2
Vardas378           Pavarde378          5.45 4.52 3.65 6.97 4.05 3.91 2.83 4.47 4.31 8.13 1.93 6.94 6.21 8.20 7.49 3.48 6.93 7.92 7
Vardas379           Pavarde379          8.74 2.53 6.32 1.92 6.56 9.49 1.77 5.80 7.93 4
Vardas380           Pavarde380          2.33 6.15 4.60 8.39 2.67 2
Vardas381           Pavarde381          9.62 6.38 8.18 1.04 6.85 9.31 8.48 7.14 2.13 5.55 10
Vardas382           Pavarde382          1.96 5.38 8.37 5.16 1.36 4.93 7
Vardas383           Pavarde383          2.87 1.93 3.80 7.08 8.44 8.62 8.49 5.30 4
Vardas384           Pavarde384          6.66 6.57 5.34 1.59 6.64 8.74 3.24 9.97 2.28 8.06 8.59 2
Vardas385           Pavarde385          4.54 2.08 2.13 2.25 9.75 1.09 4.47 3.51 3.97 6.76 1
Vardas386           Pavarde386          8.26 4.44 3.50 1.39 6.25 2.94 6.56 2.62 6.21 9.37 1.49 5
Vardas387           Pavarde387          5.37 8.32 1.48 3.20 3.70 3.88 6.85 6
Vardas388           Pavarde388          3.10 2
Vardas389           Pavarde389          1.01 4.11 7.32 3.66 9.42 5.52 6.76 9.97 7.56 3.40 2.18 9
Vardas390           Pavarde390          2.86 1.28 5.80 2.87 1.78 3
Vardas391           Pavarde391          8.86 8.49 6.26 9.04 2.23 1.68 9.86 7.88 6.93 1.78 7
Vardas392           Pavarde392          4.39 2.13 2.44 4.86 7.00 1.44 1.18 7.71 1.74 6.90 9.18 2.27 7.21 6.86 9.15 4.81 7.46 4.38 3.35 6
Vardas393           Pavarde393          4.02 7.03 1.59 2.41 8.02 10
Vardas394           Pavarde394          5.56 8.65 3.15 3.14 7.81 2.03 4.16 7
Vardas395           Pavarde395          2.64 5.43 5.26 3.97 8
Vardas396           Pavarde396          5.49 9.76 1.56 7.09 5.89 1.45 7
Vardas397           Pavarde397          2.65 8.01 6.15 5.21 6.93 1.86 4.70 1.93 7.05 5.88 6.31 3.30 9.06 8.31 2.96 9
Vardas398           Pavarde398          2.58 9
Vardas399           Pavarde399          8.73 1.43 5.05 4.53 3.82 1.62 9.88 1.10 4
Vardas400           Pavarde400          7.44 1.41 6.10 2.39 5.81 9.21 9.87 5.07 2.74 9.97 8
Vardas401           Pavarde401          4.37 5.77 9.51 4.67 9.27 1.62 3.55 1.08 4.89 2
Vardas402           Pavarde402          8.24 9.29 6.68 1.22 8.94 8.74 4.95 3.11 1.11 2.66 2
Vardas403           Pavarde403          9.67 6.83 1.07 1.22 2.24 7.19 5.64 8.02 3.34 5.92 7.41 5.54 6.07 2.92 4.48 4.88 6.83 2.08 8.07 7.86 7
Vardas404           Pavarde404          2.33 3.09 3.27 9.10 1.79 2.13 7.58 5
Vardas405           Pavarde405          2.04 9.61 8.67 2.97 4.02 3.59 6.30 8.73 9.64 10
Vardas406           Pavarde406          6.59 5.60 9.81 7.94 4.08 9.29 2.06 5
Vardas407           Pavarde407          1.21 7.34 2.88 8.21 2.76 3
Vardas408           Pavarde408          7.61 4.03 3.76 2.61 7
Vardas409           Pavarde409          3.18 7.17 6.86 3.74 6.16 3.62 9
Vardas410           Pavarde410          8.21 6.53 9.60 6.80 5.91 9.15 8
Vardas411           Pavarde411          9.25 7.12 1.69 5.47 6.43 9.18 3.06 6.98 5.65 5.98 3.31 5.46 4.52 5.27 2.64 5.73 9
Vardas412           Pavarde412          5.77 9.12 9.00 4
Vardas413           Pavarde413          5.73 4.39 4.07 6.08 8.17 5.76 8.89 1.38 9.99 10
Vardas414           Pavarde414          1.99 8.70 3.84 3.92 9.05 1.62 8.76 5
Vardas415           Pavarde415          9.52 3.13 5.68 2.80 8.10 7.29 7.31 8.00 4.39 9.89 6.98 8.50 7.71 3.50 4.79 8.26 2.01 5.44 2
Vardas416           Pavarde416          8.70 6.12 9.41 3.97 1.47 1.35 1.23 1
Vardas417           Pavarde417          2.72 9.97 4.84 2.95 5.73 4
Vardas418           Pavarde418          6.50 2.18 6.66 8.43 5.93 5.62 6.73 10
Vardas419           Pavarde419          1.62 2.29 8.94 2.28 3.49 2.04 5.13 3.46 4.19 10
Vardas420           Pavarde420          7.58 1.09 3.99 5.70 5.12 1
Vardas421           Pavarde421          5.72 5.78 6
Vardas422           Pavarde422          4.95 3.45 1.22 8.86 4.90 5.60 7.34 3.08 3.08 3.33 6
Vardas423           Pavarde423          9.57 4.23 7.62 7.52 8.16 3.82 7.11 3.69 2.13 3.68 8
Vardas424           Pavarde424          4.84 3.28 2.31 5.55 8.37 3.61 3.05 1.18 1
Vardas425           Pavarde425          2.25 1.12 1.68 5.03 1.39 6.42 5.78 7.28 7
Vardas426           Pavarde426          9.82 6.61 4.26 9.33 7.65 2.78 7.31 4.90 2.73 6
Vardas427           Pavarde427          7.14 9.86 4
Vardas428           Pavarde428          6.36 6.44 6.52 8.64 7.52 8.00 3.84 9.10 1.82 7.33 8
Vardas429           Pavarde429          3.57 2.55 4.57 4.64 1
Vardas430           Pavarde430          8.67 9.13 4.06 8.65 3.58 9.65 3.49 6.08 1.47 8.14 5.31 8.81 3.70 2.40 6
Vardas431           Pavarde431          7.66 5.59 3.71 9.70 3.19 3.58 2.10 5.94 6.17 5.61 4.88 7
Vardas432           Pavarde432          7.63 2.04 8.51 8.92 9.79 6
Vardas433           Pavarde433          5.54 8.35 9.68 9.08 5.92 3.71 8.76 7.32 5.62 3.53 5.65 8.52 3.48 9
Vardas434           Pavarde434          6.34 8.01 9.86 4.37 8.08 6.41 8.76 4.40 9.44 2.67 3.41 2.69 3.26 1.28 8.22 1.80 2.46 8.40 6
Vardas435           Pavarde435          4.78 5.25 8.19 8.10 8.20 8
Vardas436           Pavarde436          9.47 3.66 6.23 5.28 6.58 2.36 3.27 5.35 7.84 9.53 1.44 9.32 6.10 5.26 5
Vardas437           Pavarde437          8.30 8.69 5.70 5.51 4.93 9.49 2.65 5.20 5.19 3.48 1.79 4.88 8
Vardas438           Pavarde438          7.07 4.09 5.34 6.72 4.21 2.99 3.86 1
Vardas439           Pavarde439          8.23 8.48 5.83 9.32 2.61 1.98 6
Vardas440           Pavarde440          9.10 1.14 5.87 5.24 7.21 9
Vardas441           Pavarde441          1.37 8.59 3.25 6.72 1
Vardas442           Pavarde442          4.14 3.42 6.96 1.93 6.99 1.01 8.84 6.20 7.79 5.56 4.35 4.74 5.31 8
Vardas443           Pavarde443          3.31 8.54 2.49 1.72 9.62 3.95 5.78 2.41 4.91 3.17 6
Vardas444           Pavarde444          2.10 8.57 8.04 4.35 4.86 2.38 1.12 3.94 3.58 2.60 8.31 7
Vardas445           Pavarde445          7.76 3.63 7.44 9.10 9.46 3.38 7.97 2.77 2.38 3
Vardas446           Pavarde446          5.52 8.63 7.69 7.06 3
Vardas447           Pavarde447          2.03 2.78 4.64 5.88 8.05 8.13 4.18 5
Vardas448           Pavarde448          4.87 3.22 3.21 7.81 4.63 5.18 6.78 6
Vardas449           Pavarde449          6.85 1.30 6.44 9.22 6.16 5.93 3.14 9.93 1.39 1.22 8
Vardas450           Pavarde450          8.88 1.86 5.49 5.65 7.68 7.22 3.98 5.43 7.49 2.42 6.87 7.92 7.75 5
Vardas451           Pavarde451          1.96 9.25 2.87 5.94 2.84 5.85 4.19 4.38 4.73 2.32 3.25 6.95 7.07 3.29 4.16 6.65 7.59 4
Vardas452           Pavarde452          8.83 5.58 1.03 7.95 9.48 7.21 4.93 4.34 5.38 6.79 4.64 1.15 7.99 6.43 4.89 1
Vardas453           Pavarde453          3.67 2.36 1.04 8.99 7.41 3.78 4.14 6.53 2
Vardas454           Pavarde454          7.15 1.92 9.56 3.79 9
Vardas455           Pavarde455          2.49 7.99 8.05 4
Vardas456           Pavarde456          3.99 6.15 2.11 3.12 7.10 9.15 3.12 5.53 6.79 3
Vardas457           Pavarde457          6.65 8.10 2.67 2.66 4.90 6.26 4.35 2
Vardas458           Pavarde458          5.95 8.92 6.44 4.30 7.07 7.02 5.53 2.43 5.25 3.01 5
Vardas459           Pavarde459          4.47 9.35 7.54 5.58 9.73 4.23 7.31 7.37 2
Vardas460           Pavarde460          3.44 1.71 4.37 6.69 6.84 7
Vardas461           Pavarde461          5.11 2.95 4.89 6.57 4
Vardas462           Pavarde462          4.06 4.74 7.24 3.05 6
Vardas463           Pavarde463          1.32 8.85 8.49 4.99 3.78 8.24 9.97 9.51 9.97 5
Vardas464           Pavarde464          3.41 4.33 1.33 1.71 3.51 7.17 9.51 9.26 5.26 1.68 9.83 6.10 2
Vardas465           Pavarde465          5.60 9.41 4.10 9.70 6
Vardas466           Pavarde466          1.72 3.71 9.28 2
Vardas467           Pavarde467          4.19 8.12 3.73 4.92 7.35 5.38 5.03 7.47 9.54 6.91 7.32 6.24 3.15 7
Vardas468           Pavarde468          6.67 9.77 3.75 3.83 6.80 8.06 5
Vardas469           Pavarde469          7.78 1.77 3.00 4.44 5
Vardas470           Pavarde470          7.48 8.41 9.57 8.34 9.81 9.26 4.93 1.76 4.46 1.53 1.28 4
Vardas471           Pavarde471          6.89 1.89 1.50 8.52 3.28 1
Vardas472           Pavarde472          6.13 4.74 9.61 3.95 7.16 9.58 4.81 8.49 4.03 9.30 2.86 7.94 7.70 6.48 4
Vardas473           Pavarde473          8.87 7.76 1.18 4.96 6.17 9.86 5.73 3.33 3.56 2.06 8.77 4.67 7.98 10
Vardas474           Pavarde474          3.35 1.72 3.58 6.74 9.76 2.03 5.37 9
Vardas475           Pavarde475          4.07 7.37 9.03 7
Vardas476           Pavarde476          8.14 4.54 8.67 8.99 5.81 2.80 8.03 2.71 3.29 5.96 3.59 9.85 5.00 7.75 1.80 8
Vardas477           Pavarde477          1.23 9.00 9.24 6.13 8.53 6
Vardas478           Pavarde478          7.29 9.98 7.83 1.06 4.16 9.26 1.53 4.82 8.83 7.05 5
Vardas479           Pavarde479          3.60 5.72 5.20 4.83 3.52 2.16 7.68 7.47 8
Vardas480           Pavarde480          4.40 5.45 2.23 3.57 5
Vardas481           Pavarde481          7.10 2.60 3.11 4.29 5.72 5.02 2.19 6
Vardas482           Pavarde482          3.92 2.82 6.80 9.00 7.20 7.51 8.88 8.02 2.65 1.57 8.03 9.14 6
Vardas483           Pavarde483          2.39 8.95 2.10 9.84 4.42 4.23 9.92 2.39 10
Vardas484           Pavarde484          7.05 4.70 4.94 1.64 5.41 1.10 4.58 3.83 7.17 8
Vardas485           Pavarde485          4.36 9.97 2.18 6.77 2.53 9.64 5.67 4.27 3
Vardas486           Pavarde486          8.74 9.74 3.53 1.53 9.98 4.73 1
Vardas487           Pavarde487          5.09 8.79 1.65 1.84 1.45 9.14 3.11 7.40 6.75 1.49 7.44 7.41 6
Vardas488           Pavarde488          2.56 6.89 7.33 2.30 4.52 1.60 2
Vardas489           Pavarde489          4.28 1.02 10
Vardas490           Pavarde490          6.55 6.25 7.04 5.75 9.44 7.67 2
Vardas491           Pavarde491          9.81 2.73 3.26 7.19 2.37 3.86 2.43 7.74 5
Vardas492           Pavarde492          4.75 9.84 4.52 2.79 7.20 4.81 5.51 3.88 6.29 5
Vardas493           Pavarde493          3.81 1.72 8.74 7.53 3.70 7.31 2.02 1.37 8.28 7.77 3.34 9.66 4
Vardas494           Pavarde494          3.58 3.56 5.54 8.77 1.07 8.62 9.65 2.62 9.73 3.54 9
Vardas495           Pavarde495          7.26 8.36 2.58 5.14 10.004.87 5.98 6.02 7.59 1.21 6
Vardas496           Pavarde496          1.07 8.04 5.21 7.42 10
Vardas497           Pavarde497          7.02 1.93 9
Vardas498           Pavarde498          6.40 7.65 3.75 3.83 3.14 7.79 9.44 7.39 4.26 2
Vardas499           Pavarde499          5.68 2.45 5.41 5.71 8.43 9.74 1.12 1.32 3.19 9.26 7.57 3.85 9.38 1.57 1.89 6.42 10
Vardas500           Pavarde500          3.49 6.34 2.07 8.20 1.89 1.74 9.14 6.93 3.95 3.17 6.77 4.11 9.75 2.37 5
Vardas501           Pavarde501          2.80 7.82 2.71 3.68 7.99 6.76 3.70 9.73 3.35 5.43 8.63 9
Vardas502           Pavarde502          3.38 6.18 4.07 8.51 3.69 9.96 9.01 1.22 9
Vardas503           Pavarde503          7.33 5.32 9.10 2.59 9.87 1.09 4.72 3.12 6.20 1.45 5
Vardas504           Pavarde504          5.13 3.41 9.14 4.40 2.56 7.47 2.70 9.20 5.00 9.71 5
Vardas505           Pavarde505          9.63 2.73 5.19 5.87 3.71 8.88 8.60 8.04 2.61 3.43 3.49 9.03 6.65 9.52 3
Vardas506           Pavarde506          8.80 5.12 6.77 3.50 4.43 6.94 3.03 7.35 8.64 8.61 3.54 5
Vardas507           Pavarde507          5.87 3.82 9.72 6.49 3.34 8.00 3
Vardas508           Pavarde508          1.03 7.18 5.93 8.53 8.14 5.31 4.82 6.10 4
Vardas509           Pavarde509          8.02 3
Vardas510           Pavarde510          5.14 3.70 8.38 4.68 8.38 3.69 3.44 8.64 2
Vardas511           Pavarde511          7.89 8.44 7.65 9.14 8.36 1.59 7.61 9.20 3.99 5.78 4.27 3.30 10
Vardas512           Pavarde512          7.29 2.51 2.67 8.72 3.29 8.90 7.92 8.95 7.78 4.76 1
Vardas513           Pavarde513          4.03 9.54 6.32 5.87 9.64 8.11 8.16 4
Vardas514           Pavarde514          9.77 9.47 6.06 3.16 1.47 4.15 5.65 1.60 3.59 9.67 7.70 7.97 9.46 4.57 2.69 9.49 8
Vardas515           Pavarde515          4.76 6.49 3.36 5.91 10
Vardas516           Pavarde516          7.68 7.32 4.82 6.52 6.86 8.63 1.28 8.28 2.97 5.00 3.53 9.97 1
Vardas517           Pavarde517          9.06 6.75 1.96 9.75 9.65 2.54 2.20 3.67 5.31 2.41 4.14 7.51 6
Vardas518           Pavarde518          2.79 3.32 3.60 2.05 1.48 8.81 3.41 6.59 2.53 4.43 3.66 5.09 8
Vardas519           Pavarde519          5.02 6.80 9.98 7.43 5.16 3.68 1.16 4.78 4.45 6.41 8.61 2.44 1.32 8.97 5.02 10
Vardas520           Pavarde520          9.08 4.91 2.40 4.96 1.02 6.27 5.03 4.14 4.36 7.35 2.44 6.35 7.53 6
Vardas521           Pavarde521          1.89 5.03 7.09 6.98 8.01 5.66 7.39 2.54 6.74 8.42 7.63 3.67 4
Vardas522           Pavarde522          8.32 9.67 6.77 8.79 1
Vardas523           Pavarde523          4.77 5.06 7.34 8.46 5.15 6.17 9.20 8.58 1.55 2.36 2.67 2.75 3
Vardas524           Pavarde524          4.64 6
Vardas525           Pavarde525          1.06 8.97 8.59 8.36 8.25 5.59 9.14 1
Vardas526           Pavarde526          5.47 4.07 5.87 7.20 1.60 2.26 5
Vardas527           Pavarde527          2.90 6.24 2.22 1.25 1.93 8.26 2.40 9
Vardas528           Pavarde528          8.89 8.79 1.39 2.11 4.62 6
Vardas529           Pavarde529          2.75 7.70 6.69 5.63 7.14 4.72 7.33 8.83 1
Vardas530           Pavarde530          7.11 9.31 1.93 5.89 1.26 8
Vardas531           Pavarde531          4.58 5.79 8.42 9
Vardas532           Pavarde532          4.05 3.85 7.87 3.23 8.44 9.62 3.76 1.17 6.22 4.89 2.68 8.30 2.67 2.66 3.75 9.02 4
Vardas533           Pavarde533          9.00 7.51 2.91 5.81 7.91 6.90 2.89 3.72 6.90 9.05 9
Vardas534           Pavarde534          2.33 2.19 9.40 5.30 6.82 9.66 3.04 5.73 4.24 9.26 6.99 4
Vardas535           Pavarde535          4.26 1.90 3.57 1.11 8.57 8
Vardas536           Pavarde536          8.20 8.82 5.38 4.56 6.94 1.91 3.71 2.15 9
Vardas537           Pavarde537          6.14 7.71 1.79 3.06 5.42 7.41 6.03 8.00 3.35 8.73 3.69 6.34 9.12 3.35 9.11 3
Vardas538           Pavarde538          1.75 1.02 6.39 9.18 8.81 8.60 7.39 2.18 9.41 3
Vardas539           Pavarde539          8.00 6.45 5.91 3.98 2.79 1.83 4.70 7.22 2
Vardas540           Pavarde540          3.27 7.81 9.65 9.10 4.28 5.64 6.79 8.00 4.93 9.39 4.23 3.18 4.54 1
Vardas541           Pavarde541          5.89 2.88 9.11 7.12 8.18 6.53 8
Vardas542           Pavarde542          2.81 2.95 6.54 7.15 9.48 1.26 9.62 9.40 3
Vardas543           Pavarde543          2.25 3.91 8.74 2.57 2.96 1.43 3.70 2.59 2.71 9.51 8.97 3.31 4.47 9.06 1
Vardas544           Pavarde544          5.21 6.61 2
Vardas545           Pavarde545          5.97 3.35 5.80 4.97 8.75 8.78 4.28 7.00 7.49 9
Vardas546           Pavarde546          8.80 8.46 1.08 8.15 3.44 4.90 7
Vardas547           Pavarde547          9.56 6.93 4.39 6.28 7.34 4.31 5.51 3
Vardas548           Pavarde548          5.49 2.97 7.44 5.26 5
Vardas549           Pavarde549          9.35 2.53 2.95 3.63 2.04 6.47 3
Vardas550           Pavarde550          7.11 9.60 2.11 8.63 4.57 9.32 4.09 2.91 2.47 7.16 8.76 7.46 3
Vardas551           Pavarde551          7.41 6.90 4.35 4.38 3.57 5.55 5.27 7.13 6.64 3.46 3.57 6
Vardas552           Pavarde552          9.82 7.68 2.21 5.09 3.69 1.16 2.28 4.41 1.45 5.34 9.97 1.10 4.02 6.26 1.46 6.92 8.36 8
Vardas553           Pavarde553          4.65 9.43 4.96 4.95 2.39 1
Vardas554           Pavarde554          8.58 1.85 2.77 3.72 7.24 4.10 7.05 1.03 9.42 3.11 7.28 9.96 4
Vardas555           Pavarde555          8.95 5.42 5.27 5
Vardas556           Pavarde556          9.61 2.68 7.93 1.19 4.54 8.01 8.41 1.42 9.12 6.51 5
Vardas557           Pavarde557          8.27 3.61 4.92 3.05 4.79 3.15 4.85 7.17 2.84 5.72 6.39 2.92 2.27 9.87 3.29 5.40 4
Vardas558           Pavarde558          9.97 6.89 6.89 5.83 5
Vardas559           Pavarde559          6.09 6.63 1.45 2.14 6.53 8.42 5.31 10.008.22 9.43 3
Vardas560           Pavarde560          9.03 3.09 8.86 8.98 3.88 3.90 9.55 8.43 3.48 2.97 1.76 4.03 7.25 8.74 7.69 3.60 10
Vardas561           Pavarde561          3.36 7.47 3.83 3.38 8.84 8.35 4.52 8
Vardas562           Pavarde562          3.25 6.47 2.35 9.91 4
Vardas563           Pavarde563          6.17 8.81 7.32 8.18 6.79 9.29 2.43 8.92 3.70 1.50 8.57 9.58 2.00 4
Vardas564           Pavarde564          2.53 3.81 4.98 7.48 5.78 9.52 2.98 9.97 8.80 8.62 8
Vardas565           Pavarde565          6.10 3.17 4
Vardas566           Pavarde566          3.51 6.80 9.01 1.43 3.85 6.29 5.56 9.55 9.26 5.19 4.03 3.26 6
Vardas567           Pavarde567          8.58 5.71 7.93 2.73 6
Vardas568           Pavarde568          6.51 2.81 4.57 9.85 6.60 9.43 8.32 4.24 7.32 6.95 3.51 2.06 7.07 3.24 1.67 9.48 6.91 1
Vardas569           Pavarde569          1.62 2.07 5.25 2.65 7.60 1.27 6.14 1.56 8.88 8.77 9.29 7.40 5.52 4
Vardas570           Pavarde570          4.50 9.74 7.82 1.36 7.47 4
Vardas571           Pavarde571          9.39 6.94 2.90 2.84 6.11 6.13 2
Vardas572           Pavarde572          8.92 9.39 6.96 2.08 6.31 3.50 9.44 9.76 5.97 3.06 7.49 7
Vardas573           Pavarde573          9.12 4.79 1.64 7.49 8.24 8.90 9.38 3.20 9.55 7.74 10
Vardas574           Pavarde574          2.75 2.25 1.45 7.76 2.48 7
Vardas575           Pavarde575          5.11 8.87 4.05 5.92 7.10 7.87 7.05 2.86 1.22 1
Vardas576           Pavarde576          4.23 2.39 5.38 5.27 5.02 6.33 2.36 9.77 4.85 4.72 3
Vardas577           Pavarde577          2.74 1.72 3.96 3.35 1.20 5.43 5.22 9.22 7.83 8.53 6.68 7.08 2
Vardas578           Pavarde578          3.21 5.16 2.89 6.82 3.61 1.68 4.30 10
Vardas579           Pavarde579          7.53 1.56 9.22 7.13 1.29 4.12 8.22 6.69 2.74 3.90 9.63 6.53 2
Vardas580           Pavarde580          9.33 6.43 9.65 3.09 6.10 3
Vardas581           Pavarde581          8.17 1.44 5.50 1.19 7.68 6.23 9.20 4.47 2.51 4
Vardas582           Pavarde582          3.70 6.58 9.72 2.93 4
Vardas583           Pavarde583          8.44 5.08 9.22 6.23 10
Vardas584           Pavarde584          3.00 9.77 6.94 5.33 8.92 4.23 9
Vardas585           Pavarde585          1.19 3.69 4.82 7.09 1.21 7.42 4.28 3.89 4.37 4.48 3.01 3.89 7.50 8
Vardas586           Pavarde586          9.29 5.79 2.89 8.98 6.88 1
Vardas587           Pavarde587          2.37 5.92 9.97 2.98 4.11 4.05 3.01 8.36 5.40 7.96 4.11 4.06 1.64 6.03 8.35 7
Vardas588           Pavarde588          2.25 9.06 7.19 6.80 3.08 1.55 1.66 2.77 7
Vardas589           Pavarde589          9.33 9.30 3.67 8.33 9
Vardas590           Pavarde590          4.03 1.90 7.07 4.59 3.83 8.68 6.62 5.43 7
Vardas591           Pavarde591          4.67 8.24 8.81 8.89 4.18 6.13 6.85 7.66 3.02 8.30 7.15 2.45 9.93 6.90 6.54 4
Vardas592           Pavarde592          4.74 5.96 8.70 8.24 2.15 9.49 1.16 3
Vardas593           Pavarde593          4.26 1.74 6.26 2.77 9.35 2.79 2.22 9.07 4.26 4
Vardas594           Pavarde594          9.56 1
Vardas595           Pavarde595          8.11 2.35 4.39 7.82 1.14 6.26 7.51 7.24 3.94 4.65 2.35 8
Vardas596           Pavarde596          3.67 3.90 9
Vardas597           Pavarde597          9.98 1.28 4.10 8.82 2.67 7.25 1.25 9.73 1.80 7.74 9.48 5.84 4.48 4.61 8
Vardas598           Pavarde598          8.59 1.25 6.86 4.04 7.63 8.16 3.25 6
Vardas599           Pavarde599          6.15 8.41 3.53 1
Vardas600           Pavarde600          1.94 6.77 5.67 8.93 5.97 9.44 4.27 8.89 8.73 1.41 8.27 4.12 8.91 8.16 9.87 7.39 4.77 5
Vardas601           Pavarde601          1.54 6.34 6.54 2.34 7.70 9
Vardas602           Pavarde602          9.83 8.96 9.47 6.31 3.85 9.64 8.48 7.17 9.87 9.99 9.39 9
Vardas603           Pavarde603          4.25 1.38 2
Vardas604           Pavarde604          8.21 3.94 2.46 1.65 8.97 3.01 2.01 3.06 3.94 8.01 5.18 6.98 8
Vardas605           Pavarde605          9.07 3.29 7.43 5.78 9.71 1.65 2.70 4.57 1.98 7.23 1.89 1.46 6.41 1.68 3.11 3
Vardas606           Pavarde606          1.40 6.79 9.88 1.79 3.74 2.73 6.49 7.72 6.31 7.58 3.36 7.98 4.10 8.08 3.94 2
Vardas607           Pavarde607          6.39 4.10 3.48 1.82 4.09 3.58 9.77 1.55 6.22 4.78 4
Vardas608           Pavarde608          2.50 8.18 7.55 3.13 3.24 1.87 2.45 3.44 8.52 1.95 9.95 9.21 6.26 3
Vardas609           Pavarde609          5.35 2.37 5.62 9.26 9.68 9.33 8.19 5.28 5
Vardas610           Pavarde610          5.59 2.68 4.70 1.66 8.41 3.58 6.63 6.98 1.36 1.91 1
Vardas611           Pavarde611          7.25 5.32 1.38 3.46 7.55 5.42 8
Vardas612           Pavarde612          6.77 8.94 2.37 5.29 9.45 8.53 2.70 9.42 6.26 8.73 1.11 1.17 6.79 9.94 1.39 8.65 1.21 5.69 3.48 5
Vardas613           Pavarde613          6.79 4.75 8.10 8.51 2.92 3.31 3.25 3.26 2.60 2
Vardas614           Pavarde614          5.90 7.75 2.85 7.68 5.85 4.61 1.71 8.94 5.77 6.52 5.48 7
Vardas615           Pavarde615          2.90 3.43 5.89 4.85 3.54 10
Vardas616           Pavarde616          2.02 9.77 5.26 9.13 3.93 8.13 4.65 2.95 9.10 7.50 3
Vardas617           Pavarde617          2.58 1.65 4.31 9.41 4.19 8.20 8.85 8.44 2.38 6.01 4
Vardas618           Pavarde618          8.70 4.39 1.76 8.22 2.19 6.03 5.61 6
Vardas619           Pavarde619          3.71 5.88 5.04 2.46 7.13 2.34 8.13 4.32 6.25 2
Vardas620           Pavarde620          1.08 2.30 5.12 2.75 7.33 4.94 4.80 2.16 10
Vardas621           Pavarde621          9.55 6.87 4.08 9.30 1.01 3.31 2.79 5.85 7.59 3.01 5.79 2.45 2.39 3.76 6.48 6.76 8
Vardas622           Pavarde622          9.34 7.27 2
Vardas623           Pavarde623          7.90 1.66 7.38 1.05 3.25 1.93 5.39 2.77 3.75 2.62 1.94 2.99 1.33 4.79 5.42 2.40 4.19 6
Vardas624           Pavarde624          5.60 5.79 4.20 3.27 9.22 3.48 2.89 9.40 2
Vardas625           Pavarde625          7.10 2.34 7.21 5.14 8.06 1.63 6.35 6.87 5.88 1.63 9.06 1.15 10
Vardas626           Pavarde626          9.55 6.12 6.25 1.77 2.19 4.45 5.48 2.88 5.14 7.50 4.55 8.13 4
Vardas627           Pavarde627          9.15 8.65 9.87 5.81 1.47 6.92 5.95 2
Vardas628           Pavarde628          4.86 7.90 7.09 1.31 3.67 7.29 4.52 3
Vardas629           Pavarde629          8.29 6.45 3.42 1.67 3.48 2.97 6.61 7.59 8.12 3.26 1.94 1.54 2.00 4.66 9.79 9.15 8.30 9
Vardas630           Pavarde630          7.68 8.76 3.21 9
Vardas631           Pavarde631          4.15 6.22 9.69 6.85 7.15 3.54 1.80 5.50 2
Vardas632           Pavarde632          9.38 7.03 5.79 1.58 5.34 7.70 10
Vardas633           Pavarde633          1.62 4.59 9.28 2.49 9.39 8.59 8.68 2
Vardas634           Pavarde634          2.76 6.68 1.94 7.88 10
Vardas635           Pavarde635          4.94 7.22 8.25 4.87 2.92 9.82 8
Vardas636           Pavarde636          6.02 1.68 5.81 6.16 8.04 5.93 9.29 1.43 5.88 2.55 6.90 1.59 2
Vardas637           Pavarde637          9.83 7.89 7.97 5.37 1.96 8.52 4.95 2.39 6.32 9.89 1.15 9.99 2.38 4.40 6
Vardas638           Pavarde638          7.26 7.50 8.61 4.03 3.87 2
Vardas639           Pavarde639          7.92 1.95 4.61 9.78 8.40 5.09 8.90 5.49 5.14 1.32 6.57 3
Vardas640           Pavarde640          4.33 7.79 2
Vardas641           Pavarde641          5.59 1.11 1.42 5.21 1.79 2.43 4.49 8.70 3.44 5.65 1.30 1
Vardas642           Pavarde642          8.84 7.27 1.17 9.71 1
Vardas643           Pavarde643          9.87 9.83 1.01 8.02 4.22 2.06 1.85 6.95 4.87 8.29 4.72 1.05 9.65 9.61 4
Vardas644           Pavarde644          8.95 8.64 1.86 7.84 8.78 2.25 2.36 6.07 5.57 3
Vardas645           Pavarde645          2.32 4.79 4.13 6.83 6.82 1.33 4.43 7.33 2.95 9.71 7.11 6
Vardas646           Pavarde646          5.54 8.01 7.96 8.28 7.51 2.52 8.93 5.27 9.03 5.57 7.54 10
Vardas647           Pavarde647          2.20 9.14 1.04 4.65 9
Vardas648           Pavarde648          3.55 9.58 2.59 7.72 2.43 5.61 7.12 7.57 9.18 6.38 1
Vardas649           Pavarde649          4.32 9.27 9.89 7
Vardas650           Pavarde650          3.79 3.18 7.56 8.01 7.97 9.19 7.36 5
Vardas651           Pavarde651          9.08 4.25 3.57 9.86 2
Vardas652           Pavarde652          8.96 5.25 8.49 6.77 7.14 2.67 1.60 7.09 8.38 2.71 6.87 5
Vardas653           Pavarde653          3.60 5.57 6.55 3.55 2.20 8.25 5.51 9.94 8.75 7.29 1.28 4.68 2
Vardas654           Pavarde654          4.88 6.79 8.35 4
Vardas655           Pavarde655          2.30 4.68 2.07 3.09 6.18 6.39 7.32 3.08 4
Vardas656           Pavarde656          2.90 5.54 5.20 4.83 6.25 3
Vardas657           Pavarde657          9.58 8.23 7.17 6.79 1.49 9.77 8.82 6.56 4
Vardas658           Pavarde658          8.71 2.36 7.71 2.28 1.09 4.78 5.25 9.81 1.44 4.30 8
Vardas659           Pavarde659          1.20 9.06 3.88 9.81 1.01 6.64 2.88 4.89 2.68 5
Vardas660           Pavarde660          8.13 9.66 9.40 7.39 5.91 4.13 9.03 7.13 3.37 4.58 9.01 2.14 6.57 1.62 4.07 5
Vardas661           Pavarde661          6.55 4.97 2.65 3.97 1.37 3.18 8
Vardas662           Pavarde662          5.78 6.96 9
Vardas663           Pavarde663          8.93 3.95 3.81 8
Vardas664           Pavarde664          3.00 3.89 8.91 5.46 8
Vardas665           Pavarde665          2.47 6.64 5.88 1.12 9.96 9
Vardas666           Pavarde666          3.06 6.87 7.55 7
Vardas667           Pavarde667          6.16 2.17 2.16 4
Vardas668           Pavarde668          9.57 7.40 2.14 3.10 3.75 2.24 7.12 3.62 8.16 7.39 5
Vardas669           Pavarde669          2.68 6.85 5.45 9.53 4.26 5
Vardas670           Pavarde670          7.80 2.33 4.74 3.40 4.24 2.92 7.54 7.48 5.43 7.74 10
Vardas671           Pavarde671          8.91 4.89 9.42 9.25 1.19 1.60 7.13 4.52 10
Vardas672           Pavarde672          1.89 5.67 6.05 6.66 9.89 9.85 4
Vardas673           Pavarde673          5.57 3.61 9.02 5.93 8.98 1.46 2
Vardas674           Pavarde674          8.90 3.05 1.92 7.68 5.03 7.23 3.61 5.80 1
Vardas675           Pavarde675          3.17 1.85 5.63 5.79 9.77 3.56 5.41 1.69 9.31 7.72 9
Vardas676           Pavarde676          8.35 3.58 7.89 7.07 7.00 8.20 8.49 3.41 5.14 7.29 5.09 2
Vardas677           Pavarde677          8.23 5.97 8.17 2.40 4
Vardas678           Pavarde678          7.24 5.52 1.74 4.41 1.87 3.01 7.23 7.00 4.78 5.59 4.43 7.18 5.54 8.05 2.82 9.24 7
Vardas679           Pavarde679          3.80 6.89 5.44 9.04 8.34 8.03 5.33 9.06 9.59 8.86 9.38 2.42 8.93 3.24 3
Vardas680           Pavarde680          8.48 4.02 6.07 7.44 3.64 5.09 4.92 7.21 3.92 1
Vardas681           Pavarde681          8.87 5.75 7.02 2.95 3.94 1.54 4
Vardas682           Pavarde682          5.65 8.88 7.35 4.29 1.89 1.20 6.05 6.39 9.32 3.10 5
Vardas683           Pavarde683          4.26 7.73 5.05 4.43 4.35 4.90 7.96 1.85 7.42 2.26 3.78 5.19 9.53 5.53 7.85 4
Vardas684           Pavarde684          9.64 5.80 3.60 3.62 9.61 6.68 1.86 6.93 2.17 1.34 2.97 5.38 2.87 7.14 8.79 4.54 3.56 8.99 8.52 3.12 5.39 8.81 4.38 4.18 9
Vardas685           Pavarde685          9.52 5.28 8
Vardas686           Pavarde686          6.23 6.20 4.96 7.84 9
Vardas687           Pavarde687          4.32 9.28 4.87 4.53 5.38 9.25 3.26 5
Vardas688           Pavarde688          5.27 4.76 5.80 3.93 9.74 2.46 2.72 6.50 3.36 1.04 8.15 7
Vardas689           Pavarde689          2.86 6.02 8.02 8.06 2.61 7
Vardas690           Pavarde690          7.26 4.36 2.30 1.42 6.69 8.92 5
Vardas691           Pavarde691          9.34 7.96 5.53 7.18 6.75 1.99 2.94 2.19 3.02 10
Vardas692           Pavarde692          4.55 9.51 2.32 7.73 5.99 1.78 1.57 3
Vardas693           Pavarde693          5.98 1.05 5.61 2.10 7.26 4.22 1
Vardas694           Pavarde694          9.93 8.93 6.58 4.58 8.45 7
Vardas695           Pavarde695          1.07 6.57 9.61 6
Vardas696           Pavarde696          9.85 6.72 5.47 8
Vardas697           Pavarde697          9.79 9.80 5.77 3.95 7.16 4.57 8.01 9.13 5.33 5.29 5
Vardas698           Pavarde698          5.93 5.92 9.64 9.44 4.85 4.73 8.50 7
Vardas699           Pavarde699          3.77 1.70 8.15 7.17 1.38 3
Vardas700           Pavarde700          4.62 1
Vardas701           Pavarde701          6.90 7.54 8.84 7.03 2.88 4.83 9.39 5.03 1.67 4.65 4.90 3
Vardas702           Pavarde702          7.14 3.92 2.20 9
Vardas703           Pavarde703          3.45 9.34 8.78 6.03 2.01 2.63 3.07 5.68 3.02 5.64 2.74 9
Vardas704           Pavarde704          4.63 7.74 7.67 5.87 4.40 8.62 2.73 9
Vardas705           Pavarde705          2.16 6.56 4.08 8.45 3.59 4.89 9.24 4
Vardas706           Pavarde706          5.92 1.57 1.52 7.88 9.98 2.83 2.77 7.54 5.97 3.93 8
Vardas707           Pavarde707          9.55 8.67 5
Vardas708           Pavarde708          4.03 9.95 6.10 9.60 2.12 2
Vardas709           Pavarde709          4.94 4.50 9.72 9.17 9.37 7.07 3.47 7.49 4.12 2
Vardas710           Pavarde710          4.30 3.15 8.10 1.01 1.27 5.75 9.22 3.94 1.99 1.05 1.31 4.48 2.26 1
Vardas711           Pavarde711          3.90 4.81 9
Vardas712           Pavarde712          5.60 5.22 5.66 9.55 1.46 2.89 7.94 7.54 8.51 3.71 3
Vardas713           Pavarde713          8.16 5.81 9.64 2.27 3.14 8.32 1.00 8.61 8.04 6
Vardas714           Pavarde714          6.92 9.27 8.88 8.49 9.98 3.33 9.32 2.93 8.95 9.22 4.90 8.81 4
Vardas715           Pavarde715          5.75 9.72 9.63 7.45 8.11 3.98 9.90 7.95 4.80 8.94 7.88 6
Vardas716           Pavarde716          5.40 6.18 7.26 3.93 3.85 4
Vardas717           Pavarde717          1.20 8.57 8.32 8.14 5.35 3.07 8.59 8.95 4.91 10
Vardas718           Pavarde718          8.48 7.66 9.40 8.27 3.42 2
Vardas719           Pavarde719          4.79 9.03 6.52 6.43 5.74 1.76 8.39 9
Vardas720           Pavarde720          5.85 7
Vardas721           Pavarde721          8.03 2.49 5.71 9.98 8.02 2.64 4.08 5.38 9.57 3
Vardas722           Pavarde722          3.71 9.72 4.68 8.12 5.13 7.23 8.46 2.15 4.06 2.20 2.64 4.32 3.68 8.52 3.40 4.03 8.37 6.27 2.16 5.38 4.15 6
Vardas723           Pavarde723          2.73 4.81 6.28 8.59 3.63 4.54 6.90 7.38 5.61 2.42 3.18 2.42 8.88 9.00 8.94 4.49 7.08 2.56 5.78 9.97 7.13 6
Vardas724           Pavarde724          5.52 7
Vardas725           Pavarde725          3.15 2.50 3.84 1.40 1.11 1.55 4.30 5.24 2.22 3.38 4.85 9.30 5
Vardas726           Pavarde726          4.96 8.00 5.26 3.62 3.49 1.90 7.57 9.79 2
Vardas727           Pavarde727          8.85 4.39 2.85 8.62 2.76 3.55 3.61 4.67 8.79 2.60 2
Vardas728           Pavarde728          7.64 6.72 3.68 5.64 8.70 7.12 1.01 3
Vardas729           Pavarde729          8.38 1.08 1.83 8.30 9.48 6.37 8.95 8.72 9.37 6.56 1.31 2
Vardas730           Pavarde730          8.16 1.69 7.71 5.62 2
Vardas731           Pavarde731          1.81 9.33 9.44 5.77 9.01 6.16 4.13 6
Vardas732           Pavarde732          7.80 9.62 8.00 3.11 3
Vardas733           Pavarde733          2.74 7.71 4
Vardas734           Pavarde734          4.78 9.24 4.99 9.31 3.46 5.89 1
Vardas735           Pavarde735          7.78 5.16 2.87 6.66 5.67 9.67 8.23 1.77 4.40 6.27 8.80 9.59 8
Vardas736           Pavarde736          5.65 9.53 7.85 7.27 9.39 1.28 2.33 6
Vardas737           Pavarde737          1.39 1.09 8.17 1.65 6.41 7.72 6
Vardas738           Pavarde738          2.96 8.14 7
Vardas739           Pavarde739          8.76 4.68 5.35 9.68 5.51 8.22 9.19 4.19 4.90 5
Vardas740           Pavarde740          5.63 5.31 3.24 3.38 9.24 9.88 7.12 3.30 4.31 8.15 5
Vardas741           Pavarde741          7.45 8.82 6.40 7.11 8.29 1.58 7.85 2.01 9.27 1.41 3.90 2.71 4.05 8.26 6.59 2.16 7.98 8.95 4.46 9.52 3.66 3.50 5
Vardas742           Pavarde742          6.33 5.86 7.80 1.39 3.83 5.32 2.16 8
Vardas743           Pavarde743          1.28 9.51 5.30 5.38 8.80 8.47 8.91 3
Vardas744           Pavarde744          5.25 6.17 1.85 5.59 9.28 2.04 7.87 6.51 7.59 3
Vardas745           Pavarde745          9.42 6.76 7.40 1.02 7.65 10
Vardas746           Pavarde746          2.62 5.63 4.39 9.45 5.04 6.82 5.76 5.20 4.07 4.43 3.95 4.97 2.40 7
Vardas747           Pavarde747          3.02 3.89 9.39 4.78 3.15 6.72 4.83 6
Vardas748           Pavarde748          8.80 1.20 6.01 4.37 3.39 2.33 3.36 8.14 2.48 3.14 9.29 10
Vardas749           Pavarde749          2.72 1.47 2.44 5.51 8.05 7.38 3.21 3.71 7.57 7
Vardas750           Pavarde750          2.35 7.12 1.81 5.77 6.38 7.17 4.79 4.95 1.43 5.93 6.02 6
Vardas751           Pavarde751          9.71 1.15 4.14 7.38 9.98 5.97 3.80 8.63 8.35 4.19 10
Vardas752           Pavarde752          5.22 9.81 9.14 8.47 1.78 10
Vardas753           Pavarde753          2.66 1.96 6.45 6.80 5.25 6.47 1.72 5.81 1.35 1.10 8.03 8.75 8
Vardas754           Pavarde754          6.63 6.03 5.58 5
Vardas755           Pavarde755          2.94 4.71 4.27 5.84 7.35 2.89 9.16 7.29 1.12 1.91 8.48 8.76 8
Vardas756           Pavarde756          7.92 8.54 5.69 2.66 6.35 9.81 3.78 6.04 9
Vardas757           Pavarde757          9.05 7.47 9.19 2.30 1.26 9.68 1.53 9.61 2.43 9.72 7.87 6
Vardas758           Pavarde758          8.59 4.18 7.66 6.19 8.78 7.60 6.24 1.31 9.42 4.42 6.70 7.41 9.19 3.52 5
Vardas759           Pavarde759          7.07 9.97 1.65 3
Vardas760           Pavarde760          7.20 5.12 2.75 6.78 4.58 7.94 10
Vardas761           Pavarde761          9.80 8.58 5.28 8.51 8.10 1.04 2.93 7.88 6.02 2.68 6
Vardas762           Pavarde762          1.39 7.92 6.82 6.93 7.07 9.32 3
Vardas763           Pavarde763          4.97 9.71 4.02 9.62 9.06 9.51 3.59 2.99 6.02 6.52 1.86 5.18 1.18 1.01 8
Vardas764           Pavarde764          5.61 4.68 6.75 8
Vardas765           Pavarde765          6.38 7.63 8.98 8.38 4.17 7.68 9.73 10
Vardas766           Pavarde766          6.35 9.01 8.36 5.96 3.43 8.51 3
Vardas767           Pavarde767          4.19 9.84 5.39 4.31 4.87 7.48 8.50 9.90 8
Vardas768           Pavarde768          7.11 1.32 3.90 5.35 6.73 5.67 5.86 6
Vardas769           Pavarde769          9.81 7.59 2.27 9
Vardas770           Pavarde770          2.44 3.81 1.81 1.50 7.91 1.17 2.89 4.19 7
Vardas771           Pavarde771          3.85 3.89 1.11 8.69 6.52 1.90 8.38 8
Vardas772           Pavarde772          9.26 3.18 5.84 3
Vardas773           Pavarde773          4.51 2.69 2.38 7.87 9.56 7.70 6.88 8.03 5
Vardas774           Pavarde774          2.07 2.74 5.99 3.78 8.88 3
Vardas775           Pavarde775          7.71 8.63 5.17 4.89 2.57 2.86 9.53 8.13 1.20 2.71 4
Vardas776           Pavarde776          8.08 3.25 4.69 8.36 9
Vardas777           Pavarde777          7.62 5.02 9.50 6.86 1.58 8.78 2.58 4.71 8
Vardas778           Pavarde778          6.01 2.01 7.27 2.71 4.63 9.95 5.54 1.26 9.60 3.08 7
Vardas779           Pavarde779          2.75 9.59 3.72 9.23 1.11 8.33 9.82 7.57 5.18 8
Vardas780           Pavarde780          2.93 4.43 3.05 7.25 1.63 1.19 2
Vardas781           Pavarde781          5.44 1.24 7.56 1.26 5.75 5.80 2.90 9
Vardas782           Pavarde782          5.88 6.09 3.52 6.56 9.89 4.08 6.07 10
Vardas783           Pavarde783          8.20 3.58 8.27 5.09 7.78 5.99 5.50 3.08 4.27 3.06 4.47 5
Vardas784           Pavarde784          2.86 8.59 9.54 7.66 4.78 5.93 4.87 9.59 3.86 4
Vardas785           Pavarde785          4.03 6.30 9.87 1.78 8.42 6.07 7.75 4.42 3
Vardas786           Pavarde786          1.57 5.90 5.02 4.29 2.97 6.82 9.20 6.19 5.08 7.69 3.64 1
Vardas787           Pavarde787          7.19 2.72 2.70 5.77 6.21 7.06 3.67 10
Vardas788           Pavarde788          3.33 9.08 3.59 2.06 9.18 8.94 1.23 7.41 2.62 6.12 1.75 3.89 8
Vardas789           Pavarde789          8.28 5.10 7.93 4.92 6.01 8.70 8.45 10
Vardas790           Pavarde790          2.63 7.30 8.13 6.11 3.30 1.97 4.07 5.59 2.24 7.05 4.88 4.25 8.02 8.64 7.79 6.65 9
Vardas791           Pavarde791          2.43 6.74 9.83 2.27 8.32 6.77 6.82 5.34 10
Vardas792           Pavarde792          8.51 3.41 9.47 8.11 2.78 4.75 2
Vardas793           Pavarde793          9.77 8.70 8.28 2.80 6.15 10
Vardas794           Pavarde794          2.35 9.76 5.65 5.69 6.42 9.99 2.49 5.07 7.50 9.21 9.67 9.64 7
Vardas795           Pavarde795          7.01 8.26 4.69 5.99 3.09 8
Vardas796           Pavarde796          3.61 5.74 5.99 6.29 2.36 1.79 8.18 3
Vardas797           Pavarde797          1.56 5.72 8.08 4.50 2.88 4.74 10
Vardas798           Pavarde798          4.07 8.29 2.56 6.06 2.71 8.94 8.95 3.33 7.74 5.62 3.07 3
Vardas799           Pavarde799          8.55 1.68 4.18 2.92 8.55 9.56 10
Vardas800           Pavarde800          8.62 1.97 4.84 8.84 2.89 8.10 7.90 3
Vardas801           Pavarde801          3.69 8.66 7.38 2.79 6.45 5.33 1.01 3.27 9
Vardas802           Pavarde802          6.66 4.13 1.98 7.25 4.51 1.56 5.18 4.04 6.32 8.81 7
Vardas803           Pavarde803          3.23 6.17 9.96 9.89 5.05 6.91 4.70 9.02 3.87 7.57 4
Vardas804           Pavarde804          2.25 6.66 2.43 2.29 9.73 9.01 3.95 8.41 3.42 3.53 6.37 9.63 7.02 9.36 1
Vardas805           Pavarde805          8.61 7.92 3.87 5.42 1.85 2.24 9.10 9.47 5.86 3.11 6.94 5.06 5.75 8.60 3
Vardas806           Pavarde806          5.84 2.40 3
Vardas807           Pavarde807          3.34 1.17 3.64 4.07 9.49 1.62 1.25 8.71 3.26 4.15 2.81 2.27 2.61 9.46 1.06 1
Vardas808           Pavarde808          3.45 5.80 1.82 6
Vardas809           Pavarde809          3.47 7.06 6.88 5.04 7.06 7.78 4.27 3.45 2
Vardas810           Pavarde810          6.29 7.26 4.63 9.14 9.69 1.64 5.44 5.17 5.98 5.27 5.91 6
Vardas811           Pavarde811          9.33 1.11 5.01 5.25 9.30 9.88 6.63 1.97 6.94 1
Vardas812           Pavarde812          1.43 4.30 6.02 7.37 2
Vardas813           Pavarde813          6.70 2.49 2.80 9
Vardas814           Pavarde814          7.02 2.97 1.49 5.49 7.42 9.82 2.61 1.32 7.77 3.35 2.30 7.26 6.78 1.82 5.67 9.37 3.23 2.24 9
Vardas815           Pavarde815          5.81 8.25 4.23 6.97 2.60 10
Vardas816           Pavarde816          4.35 3.37 2.51 9.66 4.32 7.98 7
Vardas817           Pavarde817          4.59 4.55 3.32 3.15 2.46 7
Vardas818           Pavarde818          6.03 1.52 9.33 5.35 2.69 5.33 2.96 1.21 6
Vardas819           Pavarde819          4.35 2.39 1.91 3.95 8.21 1.57 5.54 6.42 2.97 2.99 9.18 5.61 4.72 6.68 8.22 3.54 6.35 3
Vardas820           Pavarde820          1.64 3.07 7.04 3.25 4.68 8.95 8.82 4
Vardas821           Pavarde821          1.17 5.19 6.54 9.52 7.96 2.07 9.08 6.51 2.42 5.12 5.55 1.18 6.94 4.82 4
Vardas822           Pavarde822          4.94 8.22 4.44 3.82 1.08 8.22 5.21 3.72 2.54 1.10 8.85 1.09 3.54 3.37 4.12 7.75 8.72 3.28 4.65 5.34 6
Vardas823           Pavarde823          3.44 4.84 1.60 3.60 4.98 6.43 2.04 7.43 8.58 5
Vardas824           Pavarde824          1.07 8.83 9
Vardas825           Pavarde825          9.40 3.71 9.20 7.19 9.38 6.26 9.75 5
Vardas826           Pavarde826          4.34 5.62 4.13 8.66 1.18 7.13 3
Vardas827           Pavarde827          2.94 4.32 1.16 1.12 1.79 5.67 1.69 6.22 5.59 5.69 9.68 9.67 3.57 9.97 7.33 3.94 1.04 3.09 9
Vardas828           Pavarde828          9.18 5.75 8.74 2.31 3.14 5.47 1.20 9.60 5.26 9.81 9.10 1.14 5.06 6.70 5.27 6
Vardas829           Pavarde829          3.24 6.09 4.34 6.59 8.11 1
Vardas830           Pavarde830          5.43 6.44 8.46 5.69 4.30 8.05 7.03 7.62 7.33 8.14 2
Vardas831           Pavarde831          1.87 4.53 6.18 4.71 5
Vardas832           Pavarde832          9.89 6.31 9.14 6.77 9.48 8.94 8
Vardas833           Pavarde833          2.65 8.04 2.78 2.59 2.43 5.53 6.67 1.52 6.49 8
Vardas834           Pavarde834          6.34 4.83 7.40 10
Vardas835           Pavarde835          7.88 7.51 6.09 1.53 4.73 3.96 4.93 4.64 7.65 4.72 8.02 2.44 5
Vardas836           Pavarde836          4.96 8.25 1.58 1.01 9.14 6.30 9.00 2.04 9.94 5.20 1.61 7.66 8.93 7
Vardas837           Pavarde837          8.98 1.58 4.51 7.71 1.81 5.89 4
Vardas838           Pavarde838          9.86 3.41 6.98 7.60 6.26 1.86 9.77 3.62 3.14 4.40 7
Vardas839           Pavarde839          2.64 8.18 5.87 3.36 1.97 5
Vardas840           Pavarde840          5.94 6.62 3.67 9.61 3.27 2.85 2.78 1.61 7.06 2.84 4.20 4
Vardas841           Pavarde841          7.75 5.57 3.59 5.87 1.61 4.03 9.79 3.91 4.37 8.63 5.10 9.06 1.02 2.63 2.16 9.35 5.37 9.53 4.25 1
Vardas842           Pavarde842          6.32 9.10 2.40 1.55 9.78 8.33 3.46 3.33 8.61 5.38 6.03 3.56 7.36 7.32 1.57 9
Vardas843           Pavarde843          1.42 4.23 8.49 5.35 5.73 2.35 4
Vardas844           Pavarde844          8.36 4.47 3.48 3.23 2.89 7.98 9.06 1.89 2.47 3
Vardas845           Pavarde845          5.27 4.11 6.12 1.19 6.32 1.96 7
Vardas846           Pavarde846          8.40 2.81 8.76 8.20 7.02 9.18 1.86 9.73 5
Vardas847           Pavarde847          5.77 3.66 4.50 4
Vardas848           Pavarde848          2.39 4.09 2.05 3.99 1.90 4.20 9.45 8.18 4.26 4
Vardas849           Pavarde849          8.65 7.18 6.66 4.18 5.10 3.19 8.87 4.58 3.28 7
Vardas850           Pavarde850          1.05 2.95 4.54 2.96 3.30 5.58 9
Vardas851           Pavarde851          4.98 6.13 1.40 5.49 9.26 9.36 8.47 1.78 5.19 6.02 3.78 1.37 7.35 8.97 5.85 2.11 2.23 8
Vardas852           Pavarde852          2.58 7.51 4.16 5.05 8.51 6.53 1.68 2.31 7.68 4.28 3.70 9.78 6.91 9.05 6.39 8.15 9
Vardas853           Pavarde853          6.21 3.68 5.99 4.88 8.60 8
Vardas854           Pavarde854          7.27 1.32 10
Vardas855           Pavarde855          5.69 7.87 3.45 1.89 6.95 2.01 2.16 3.43 5.20 8
Vardas856           Pavarde856          5.43 4.41 4.67 5.82 5.59 7.16 8.19 2.27 3.35 3.54 6.46 4.27 5
Vardas857           Pavarde857          4.34 2.09 5.01 1.36 5.94 6.11 9.97 2.42 5.20 8.13 9.66 4.85 9.99 1.80 3
Vardas858           Pavarde858          3.55 3.62 6.86 7
Vardas859           Pavarde859          3.36 1.75 8.97 9.76 7.02 7.55 3.69 2.36 7.69 1
Vardas860           Pavarde860          9.73 9.33 7.19 9.86 6.77 5.74 3.34 2.84 7.74 2.44 3.76 2.15 3.03 5.12 4.41 2.71 3.60 10
Vardas861           Pavarde861          4.82 3.22 8.57 3.50 1.34 4.23 8.56 9
Vardas862           Pavarde862          3.82 3.79 8.94 7.62 1.15 3.85 6.15 5.50 5.53 3.12 8.13 1.05 3.11 4
Vardas863           Pavarde863          2.44 4.31 3.09 8.85 8.57 9.95 3
Vardas864           Pavarde864          4.47 3.83 3.02 1.28 3.21 3.84 9.80 2.18 5.09 7.26 2.59 3.20 1.96 5
Vardas865           Pavarde865          4.05 3.62 5.87 4.46 4
Vardas866           Pavarde866          6.15 5.63 8.20 1.26 4.96 3.07 1.48 1.93 5.95 4.06 7.88 8.61 6.65 9
Vardas867           Pavarde867          9.20 8.75 8.52 3.71 2.16 4.61 8.68 7.36 1.99 4.90 2.36 1.92 2.61 5.30 9.25 2
Vardas868           Pavarde868          2.75 9.60 1.14 3.02 5.62 2.34 1
Vardas869           Pavarde869          5.27 2.53 8.18 5.08 7.13 6.00 4
Vardas870           Pavarde870          9.15 4.99 7.18 3.37 5.88 4.62 3.29 9.07 7.17 4
Vardas871           Pavarde871          3.52 10
Vardas872           Pavarde872          5.19 7.32 9.14 2.69 4.70 9
Vardas873           Pavarde873          8.01 2.15 3.44 6.43 4.51 1.72 3.01 6.92 8.05 6.22 5.10 9.85 5.41 6.98 7.93 7.16 2.11 10
Vardas874           Pavarde874          6.09 2.69 9.15 8.61 8.94 4.74 4.31 1.82 9.60 9.98 7
Vardas875           Pavarde875          2.30 1.55 5.70 2.92 3.52 5.62 4
Vardas876           Pavarde876          6.03 1.98 7.41 6.05 7.02 2.75 6.85 10
Vardas877           Pavarde877          9.27 4.56 2.15 4.14 9.00 5.49 1.06 6.25 7.76 7.82 5
Vardas878           Pavarde878          9.22 7.21 4.21 1.18 9.91 9
Vardas879           Pavarde879          3.49 4.60 3.30 8.97 3.48 2.11 4.89 1.92 7.93 10
Vardas880           Pavarde880          8.54 8.71 9.16 3.41 8.67 5.34 2
Vardas881           Pavarde881          5.55 8.50 4.03 4.23 9.73 3.86 2.98 3.84 6.13 6.27 2.54 8.97 3.26 6.27 2.55 3.20 3
Vardas882           Pavarde882          3.31 6.38 5.81 6.50 9.48 6.34 4.46 4.15 4
Vardas883           Pavarde883          5.08 8.89 5
Vardas884           Pavarde884          5.08 5.30 9.91 5.82 3.11 7.47 9
Vardas885           Pavarde885          5.75 6.71 2.52 8.45 3.50 6.29 5.31 5.04 8.78 10
Vardas886           Pavarde886          7.81 4.20 4.11 6.42 5.39 6.79 9
Vardas887           Pavarde887          3.38 7.21 2.94 3.91 5.40 6.97 5.77 5.39 6.89 7.31 4.05 9
Vardas888           Pavarde888          1.42 7.33 2.94 2.08 1.27 1.62 10
Vardas889           Pavarde889          6.13 1.04 7.99 9.24 1.27 5.24 3.90 10
Vardas890           Pavarde890          7.28 3.57 8.79 8.48 1.22 4.98 9.83 1.75 1.41 8.22 9.04 1.50 4.89 1
Vardas891           Pavarde891          5.24 9.48 1.79 7.49 8.33 1.12 5.03 2.42 8
Vardas892           Pavarde892          6.11 5.31 9.83 5.42 1.99 9.19 2.20 9.18 4.41 7.32 2.13 9
Vardas893           Pavarde893          8.33 6.63 4.12 6.70 5.84 3
Vardas894           Pavarde894          5.23 3.10 2.17 8.21 2.70 5.27 4.03 3.07 2.67 1.78 1.03 5.17 5.39 2
Vardas895           Pavarde895          4.83 7.03 1.17 7.62 4.28 6.54 9
Vardas896           Pavarde896          2.42 3.99 3.81 8.66 2.63 2.97 9.70 2
Vardas897           Pavarde897          6.74 8.45 1.73 8.34 5.44 7.14 4.06 6.47 3.75 9.72 9.89 2.54 4.81 1
Vardas898           Pavarde898          1.89 7.96 8.91 4.60 4.69 7.56 4.45 5.28 6.17 5.51 5.30 4.99 10
Vardas899           Pavarde899          6.61 6.50 5.21 9.97 4.68 4.19 2.37 5.15 7.97 8
Vardas900           Pavarde900          4.41 7.96 6.72 3.09 7
Vardas901           Pavarde901          1.12 1.16 6.44 6.37 8.05 6.73 9
Vardas902           Pavarde902          5.56 2.16 8.22 3.55 7.41 7.26 3.30 6.55 3.80 1.46 4.90 2
Vardas903           Pavarde903          1.01 7.10 8.72 1.81 8.33 4
Vardas904           Pavarde904          4.18 2.58 6.83 6.21 2.82 4.65 9.21 5.72 1.82 7
Vardas905           Pavarde905          4.61 1.37 5.67 8.52 7.99 2.80 2.83 9
Vardas906           Pavarde906          6.69 7.64 9.30 2.70 4.88 3.75 5.02 9.56 2.75 4.44 2
Vardas907           Pavarde907          6.14 7.35 4.80 4.42 5.26 6.60 8.50 3
Vardas908           Pavarde908          1.90 4.20 5.51 4.74 5.35 4.94 4.52 1.36 9.86 1
Vardas909           Pavarde909          6.28 7.47 6.96 9.47 8.34 1.71 1.10 3.94 6.36 1.21 8
Vardas910           Pavarde910          4.98 3.92 7.72 6.91 8.52 2.08 9.96 3
Vardas911           Pavarde911          6.19 5.84 1.50 3.30 4.24 7.81 6.67 9.21 5
Vardas912           Pavarde912          4.33 7.33 4.10 6.92 8.27 5.76 5.16 1.25 6.81 5.55 10
Vardas913           Pavarde913          3.18 1.84 2.24 8.45 4.27 2.37 4.99 1.05 8.01 2.69 4.90 5.28 9
Vardas914           Pavarde914          8.52 8.19 5.68 9.03 9.54 3.63 7.36 9.95 7.39 4.49 3.85 4.99 8.33 1.91 4.62 7
Vardas915           Pavarde915          5.96 1.95 1.07 4.76 5.34 1.81 9.57 7.97 4.93 2.24 7
Vardas916           Pavarde916          4.09 9.20 8.02 6.60 7.55 3.62 7.07 9.63 3.51 7.83 4.84 8.38 5.96 10
Vardas917           Pavarde917          7.06 6.25 2.90 3.88 6.26 5.00 8
Vardas918           Pavarde918          7.38 7.06 1
Vardas919           Pavarde919          6.08 6.85 2.41 3.61 7.14 8
Vardas920           Pavarde920          4.99 5
Vardas921           Pavarde921          9.15 6.61 9.14 8.89 8.92 5.08 4.49 1
Vardas922           Pavarde922          5.77 2.75 7.73 8.67 5.49 4.86 1.00 4.84 2
Vardas923           Pavarde923          2.79 7.36 3.75 2.94 2.70 8
Vardas924           Pavarde924          6.34 4.71 8.60 1.48 7.55 6.10 7.27 5
Vardas925           Pavarde925          4.97 4.12 9.02 7.95 7.95 8
Vardas926           Pavarde926          1.81 3.67 4.68 1.91 2.71 3.16 7
Vardas927           Pavarde927          2.00 3.60 3.90 5.53 9.14 8.81 7.45 1.15 5.80 7.73 4
Vardas928           Pavarde928          2.17 6.92 7.32 8.22 3.65 7.09 1.62 10
Vardas929           Pavarde929          3.37 1.88 9.68 3.00 3.92 9
Vardas930           Pavarde930          6.08 3.33 3.76 1.96 8.98 2.05 8.15 6.65 5.29 4.15 3
Vardas931           Pavarde931          9.98 3.79 3.33 8.00 1.67 1.40 1.63 7.67 1.15 4.05 5.80 7.74 8.82 7.20 6.02 5.01 8
Vardas932           Pavarde932          1.71 4.76 4.34 2.65 2.74 6.75 6.02 3.72 7.73 7.03 1.09 5.32 7.04 7.38 4.94 1
Vardas933           Pavarde933          9.89 2.89 9.59 9.55 4.57 4.34 5.32 3.56 2.60 3.25 5.00 5.96 9.85 2.86 8.39 9.05 8.40 1.01 5.79 8.91 1
Vardas934           Pavarde934          5.41 1.86 8.35 9.06 4.35 6.29 4.68 8.02 3.86 10
Vardas935           Pavarde935          4.98 7.12 9.90 10
Vardas936           Pavarde936          7.59 7.84 2.55 6.24 4.34 2
Vardas937           Pavarde937          9.61 9.28 5.02 7.60 1.54 8
Vardas938           Pavarde938          3.95 3.48 6.98 6.19 3.92 2
Vardas939           Pavarde939          7.81 3.98 5.01 1.16 7.31 7.87 3.15 2.75 1.51 9.92 8
Vardas940           Pavarde940          8.99 8.50 2.93 5.81 8.86 1.68 1.65 5.79 2.07 1
Vardas941           Pavarde941          7.26 8.20 4.26 7.82 3
Vardas942           Pavarde942          3.03 2.40 9
Vardas943           Pavarde943          5.51 8.38 2.76 5.55 7.44 5.45 4.83 5.23 7
Vardas944           Pavarde944          8.92 5.64 6.33 9.97 8.05 1.80 1.89 5.46 1.60 4.49 9.68 5
Vardas945           Pavarde945          8.12 7.08 1.68 2.75 4.07 7.22 5.95 7.31 4.87 5.53 1.76 2
Vardas946           Pavarde946          6.43 1.62 2.02 1.98 8.41 7.83 4.92 2.62 3.58 9.29 8.44 3.09 7.88 4
Vardas947           Pavarde947          9.41 3.39 9.93 4.92 9.40 6.33 8.21 5.59 2.09 9.21 4
Vardas948           Pavarde948          1.86 5.31 1.93 7.64 3.58 2.03 8.35 1.22 4.87 8.71 9.95 5.16 8
Vardas949           Pavarde949          8.38 7.63 7.84 6.00 8.36 8.14 2.33 7.46 6.87 7.31 7.34 5.15 9.45 10
Vardas950           Pavarde950          9.32 5.75 8.90 7.92 9.06 7.18 4.88 2
Vardas951           Pavarde951          1.68 3.64 4.83 3.52 4.84 7.27 2.82 8.57 5.07 8.69 2.60 6.93 4.59 6
Vardas952           Pavarde952          7.99 7.76 1.05 4.45 9.42 4.65 1.82 9.35 9.00 5.03 1
Vardas953           Pavarde953          4.20 9.60 4.54 2
Vardas954           Pavarde954          2.61 3.50 1.06 4
Vardas955           Pavarde955          1.84 1.64 5.09 9.08 3
Vardas956           Pavarde956          7.20 5.77 4.55 7.90 3.58 3.68 8.76 1.65 8.85 4
Vardas957           Pavarde957          7.99 4.84 10
Vardas958           Pavarde958          1.09 8.05 2.01 8.27 2.90 9.53 6.33 1.66 3.10 1.06 4
Vardas959           Pavarde959          5.63 3.80 4.42 9.74 3.21 5.05 3.54 3
Vardas960           Pavarde960          5.28 3.74 4.52 7
Vardas961           Pavarde961          5.70 1.35 1.56 8.23 9.13 5
Vardas962           Pavarde962          7.67 5.28 2
Vardas963           Pavarde963          8.60 1.13 9.13 1.77 1
Vardas964           Pavarde964          7.13 3.81 7.57 5.33 3.19 6.49 3.20 3
Vardas965           Pavarde965          1.26 3.05 1.43 8.30 1.95 9.59 6.27 1.01 2.86 6.42 6.11 8.82 7
Vardas966           Pavarde966          8.77 3.83 9.75 6.32 8.02 8.33 4
Vardas967           Pavarde967          5.37 3.97 6.96 2.11 6.57 2.05 4.97 5
Vardas968           Pavarde968          9.06 7.04 6.96 8.08 8.75 3.42 1.19 3
Vardas969           Pavarde969          5.53 3.54 2.49 1.66 6.93 8.74 7.67 4.34 2.12 1.46 2.99 7.00 9.36 8.10 2.97 9.26 7
Vardas970           Pavarde970          7.22 5.13 1.29 1.04 4.91 3.11 5.03 8.85 6.22 1.14 8.78 4.74 9.80 3.21 3
Vardas971           Pavarde971          8.21 1.24 4.58 5.77 9.47 6.68 7.65 6.57 9.91 2.74 8.01 5.15 9.58 4.53 3
Vardas972           Pavarde972          7.79 5.18 4.38 2
Vardas973           Pavarde973          1.76 7.71 2.90 5.82 6.96 1
Vardas974           Pavarde974          5.53 1.46 2.60 6.73 8.24 3.17 10
Vardas975           Pavarde975          6.67 5.40 5.41 7.69 9.41 8.61 1.30 6.53 7.66 9.19 7.55 7.54 3
Vardas976           Pavarde976          2.92 7.76 4.81 8.23 7.98 1.58 1.25 4.97 9.57 8.59 2.05 8.39 9.74 2.77 3
Vardas977           Pavarde977          2.80 1.64 6.11 6.53 3.26 2.99 9.73 9.10 8.19 1.11 9.36 3.12 9.87 8.83 4.72 4.18 4.07 7.02 4.81 6.40 4
Vardas978           Pavarde978          7.86 1.56 5.59 1.46 1.33 4.67 1.02 9.32 5.55 3
Vardas979           Pavarde979          3.87 8.42 6.05 5.26 9.24 9.01 5.47 7.11 9.23 8.19 3.36 4
Vardas980           Pavarde980          5.09 8.09 4.27 2.63 3.76 1.62 1.29 8
Vardas981           Pavarde981          8.19 3
Vardas982           Pavarde982          2.33 9.09 7.71 8.41 2.18 9
Vardas983           Pavarde983          3.51 8.88 6.27 8.74 9.34 5.36 8.29 8.43 7.91 6.18 2.31 4.83 3.81 8.57 6.76 2.02 2.38 1.24 5.21 2.19 7
Vardas984           Pavarde984          3.09 2.43 3.26 1.89 4.19 2.63 4.33 3.90 2.31 2.53 6.43 1.47 1.13 4.09 2.62 3.16 6
Vardas985           Pavarde985          1.20 6.63 6.05 9.27 3.76 1.59 7.42 9.65 6
Vardas986           Pavarde986          5.50 3.85 2.39 1
Vardas987           Pavarde987          5.81 7.73 6
Vardas988           Pavarde988          3.75 5.74 6.08 9.05 7.89 3.91 4.82 4.79 5.74 2.20 6.14 5
Vardas989           Pavarde989          6.33 2.96 7.32 2.89 6.57 7.82 2.02 8
Vardas990           Pavarde990          7.84 4.00 1.66 6.75 8.43 1.58 4.52 2.39 3.11 2.62 8.41 2.03 2.78 5.58 7.69 9
Vardas991           Pavarde991          4.54 6.80 8.78 6.51 5.28 2.79 7.13 3.18 1.55 8.90 9.98 5.96 1.35 4.22 2.49 6.49 4
Vardas992           Pavarde992          5.05 5.62 8.52 7.57 9.35 6.56 2.82 8.90 4.10 8
Vardas993           Pavarde993          2.31 2.80 4.84 6.94 7.45 8.90 8.00 7.16 3.04 8
Vardas994           Pavarde994          9.36 9.87 7.18 2.88 6.27 2.66 3.54 4.10 2.67 8.51 1.10 4.50 9.65 7.12 1.66 8.21 6.53 2
Vardas995           Pavarde995          1.15 9
Vardas996           Pavarde996          6.35 8.56 4.01 3.01 2.42 3.18 7.79 2.76 3.00 9.68 6.56 7.40 5.55 9.84 2
Vardas997           Pavarde997          5.65 1.58 8.38 9.17 7.24 1.07 1
Vardas998           Pavarde998          8.52 4.51 7.12 1.33 1.60 1.42 6.69 6.19 2.73 9.10 8.96 3.45 8.22 3.19 3.61 5.16 6.17 9.81 4.89 4
Vardas999           Pavarde999          7.67 6.08 9.34 4.09 2.46 6.70 2.29 4.39 3.48 4
