Vardas0             Pavarde0            6.34 2.57 1.18 1.42 8.70 6.81 6.76 5.17 9.33 2.31 6.69 3.61 8.05 6.57 6
Vardas1             Pavarde1            8.97 8.79 1.87 4.24 4.93 9.94 9.64 8.94 5.30 6
Vardas2             Pavarde2            1.69 6.63 6
Vardas3             Pavarde3            9.13 6.23 9
Vardas4             Pavarde4            4.99 7.74 6.26 5.49 7.61 3.29 9.18 2.29 7
Vardas5             Pavarde5            9.10 7.79 5.26 6.01 7.64 2.27 5.05 7.41 2.86 9.75 3.14 9.78 4
Vardas6             Pavarde6            8.76 6.30 5.30 9.12 1.66 5.02 2.83 9.61 9.08 7
Vardas7             Pavarde7            9.39 1.11 9.91 6.62 4.81 7.37 10
Vardas8             Pavarde8            7.73 8.07 1.10 3.45 3.39 6.74 1.33 3.54 4.25 3
Vardas9             Pavarde9            8.63 8.63 4.00 8
Vardas10            Pavarde10           6.22 9.02 3.73 2.95 6.35 9.52 5.83 7.82 6.50 4.34 6.78 1.24 2.10 9.43 6.62 4.49 5.69 8
Vardas11            Pavarde11           5.03 8.38 1.70 4.75 8.72 6.78 1.37 1
Vardas12            Pavarde12           6.55 2.54 6.37 9.03 2.80 8.20 5.31 2.93 1.41 4.73 3
Vardas13            Pavarde13           7.48 6.59 6.36 2.75 2.15 9.76 7.25 2
Vardas14            Pavarde14           8.88 9.11 4.05 8.71 4.02 9.56 3.74 6.06 5.88 10
Vardas15            Pavarde15           7.71 9.19 4.48 2.68 3.50 9.37 7.96 7.09 6
Vardas16            Pavarde16           4.60 4.22 9.95 7.01 5.39 1.34 8
Vardas17            Pavarde17           2.29 9.67 6.28 1.65 3.68 7
Vardas18            Pavarde18           3.64 6.05 2.01 8.78 3.35 2
Vardas19            Pavarde19           5.95 2.29 6.62 2.81 9.77 7.98 7.10 6.52 8.72 8.11 8.79 9.98 7
Vardas20            Pavarde20           4.46 2.85 7.22 8.19 2.75 9.10 1.48 6.85 1.48 3.83 4.98 6
Vardas21            Pavarde21           2.96 4.78 2.02 9.40 2.88 9.70 4.60 1.79 10
Vardas22            Pavarde22           9.22 8.49 5.66 8.74 2.48 5
Vardas23            Pavarde23           1.89 4.77 8.22 3.66 2.35 7.73 5.61 1.89 3.92 6.25 7.77 8.29 2
Vardas24            Pavarde24           7.08 6.50 1.92 1.47 2.36 6.41 4.36 5.55 3.30 9.13 4.12 6.67 6.15 8
Vardas25            Pavarde25           1.44 5.90 6.10 6.67 8
Vardas26            Pavarde26           5.70 2.62 6.99 9.57 2.15 2.12 4.05 6
Vardas27            Pavarde27           3.20 9.01 8.16 7.02 9.12 9
Vardas28            Pavarde28           3.74 8.84 3.91 6.43 5.40 8.60 6.34 3.35 3
Vardas29            Pavarde29           3.15 3.60 9.88 2.87 5.27 5
Vardas30            Pavarde30           1.42 4.01 2.18 1.51 7.24 7.68 7.24 8.07 7.46 5.91 5
Vardas31            Pavarde31           9.66 3.05 2.13 5.24 7.41 6.14 1.10 5.15 1.76 1.97 1.94 4.42 8.00 1.28 3.02 9.18 7.46 2.11 9
Vardas32            Pavarde32           4.17 2.61 7.91 9.85 1.57 4.30 8.59 7.20 9.92 1
Vardas33            Pavarde33           5.30 8.55 5.48 1.80 4.29 6.56 9.07 3.14 3
Vardas34            Pavarde34           2.01 8.43 4.71 3.59 3.61 4.02 6.96 8.15 9.65 3.61 8.83 6.60 2.06 3.59 3
Vardas35            Pavarde35           9.77 7.22 9.34 3.16 9.40 8.88 6
Vardas36            Pavarde36           3.93 1.11 3.23 3.95 3.39 7.35 9.37 8.70 7
Vardas37            Pavarde37           4.09 7.93 3.66 4.70 5.65 3
Vardas38            Pavarde38           6.58 7.03 2
Vardas39            Pavarde39           6.29 6.84 5.34 6.98 7.47 7.14 4
Vardas40            Pavarde40           7.60 5.60 1.53 6.02 3.89 2.81 4.99 5.19 1.02 1.45 6
Vardas41            Pavarde41           3.12 4.96 1.69 10
Vardas42            Pavarde42           9.53 5.00 3.31 4.32 4.04 3.35 8.60 8.03 1
Vardas43            Pavarde43           9.07 8.95 9.87 9.54 2.83 5.60 1.43 5.88 6.87 4.35 4.36 8.39 5.26 9.08 6
Vardas44            Pavarde44           5.70 4.55 5.28 9.69 6
Vardas45            Pavarde45           3.72 9.08 6.12 5.24 8.45 5.22 1.64 8.59 8
Vardas46            Pavarde46           7.89 1.51 6.01 6.71 8.03 2
Vardas47            Pavarde47           7.62 7.06 6.49 6.39 8.29 2.74 8.57 6.80 3.83 2
Vardas48            Pavarde48           4.52 4.84 5.27 2.41 9
Vardas49            Pavarde49           2.26 4.91 5.19 1.56 4.24 4.69 6.96 5
Vardas50            Pavarde50           9.36 3.60 7.08 10
Vardas51            Pavarde51           8.25 1.88 3.73 6.91 6.04 4.36 9.59 3.82 2.22 2.46 5
Vardas52            Pavarde52           7.36 8.59 7.36 7.39 1.50 5.06 4.39 6.01 4.85 7.39 9.57 4.02 6.85 3.04 5.08 7
Vardas53            Pavarde53           8.55 3.45 9.10 4.13 8.06 4.31 4.92 3.09 8.03 2.40 7.36 1.76 5
Vardas54            Pavarde54           9.73 6.69 5.92 9.68 4.63 5.69 9.68 4.95 8.62 4.95 1.74 7
Vardas55            Pavarde55           2.05 8.06 7.80 5.57 4.27 6.34 7.17 9.16 1.11 4.64 7.72 6.58 3.34 3.20 1
Vardas56            Pavarde56           7.88 2.42 9.50 3.94 3.31 5.42 6
Vardas57            Pavarde57           7.12 4.21 7.03 3
Vardas58            Pavarde58           4.97 8.84 4.23 7.84 2.14 1.77 7.32 7
Vardas59            Pavarde59           2.86 1.44 5.17 2.65 8.10 7.25 7
Vardas60            Pavarde60           6.17 9.75 2.66 8.49 9.17 6.06 1.59 4.92 5.04 9.36 1.48 2.58 1.61 9
Vardas61            Pavarde61           7.99 4.48 2.13 4.78 3.12 2.85 3.11 6.09 2.36 8
Vardas62            Pavarde62           1.01 8.26 8.60 1.61 1.50 6.58 8.77 4.70 1.82 9.27 3.55 2.54 9.54 9.94 3.84 3.19 8.28 5.17 8.48 2.95 2.17 1.92 3.12 7
Vardas63            Pavarde63           2.51 7.48 9.21 2.34 4.46 5.29 5.03 8.43 9.14 3.74 1.39 6
Vardas64            Pavarde64           8.39 6.17 5.76 1.46 2.97 4.49 3.50 9.81 9.84 1
Vardas65            Pavarde65           6.40 2.78 6.58 9.19 7.28 9.21 2.91 7.46 8.84 7.18 7.56 8
Vardas66            Pavarde66           3.18 7.13 5.62 2.79 2.55 1.18 8.37 9.33 1.28 7.81 6.97 1.32 4.01 9
Vardas67            Pavarde67           8.48 4.19 6.49 1.05 8.36 8.52 3.23 2.75 9.18 8.44 2.17 2
Vardas68            Pavarde68           8.53 8.52 6
Vardas69            Pavarde69           2.41 7.43 1.05 9.10 9.50 3.54 6.66 5.45 2.69 8
Vardas70            Pavarde70           7.53 7.32 4.65 8.97 1.79 4.44 6.68 4.43 1.30 1.52 4.66 7
Vardas71            Pavarde71           8.36 4.26 7.59 2.62 7.67 1.84 9.32 10
Vardas72            Pavarde72           5.52 2.86 6.01 6
Vardas73            Pavarde73           3.20 7.45 1.50 1.29 1
Vardas74            Pavarde74           4.46 9.62 9.16 7.16 2.02 9.07 1.14 5.10 4.04 7
Vardas75            Pavarde75           5.90 4.24 8.26 7.81 4.99 7.45 5.14 8.15 5.73 9.56 6
Vardas76            Pavarde76           1.02 2.47 5.92 3.43 7.74 2.80 6.30 7.36 7.07 8.00 7.52 4.73 7
Vardas77            Pavarde77           8.51 8.66 3.40 2
Vardas78            Pavarde78           3.37 2.83 2.92 4.82 3.83 4.36 6.10 1.61 3.94 2.05 1.70 7.37 6.75 1.21 3.17 7.53 1
Vardas79            Pavarde79           5.97 6.44 4.18 1.89 9
Vardas80            Pavarde80           9.41 3.55 9.71 8.97 2.60 6.36 7.37 1.49 1.30 2.18 7
Vardas81            Pavarde81           4.26 8.43 1.13 1.64 9.77 6
Vardas82            Pavarde82           8.08 8.72 7.17 6.94 5.93 5
Vardas83            Pavarde83           2.31 3.07 6.83 6.53 2.67 3.01 7.90 7.74 4.76 2.05 1.71 1.67 1.54 1.30 6
Vardas84            Pavarde84           5.35 6.59 1.16 2.67 2.30 8.79 6
Vardas85            Pavarde85           6.38 2.03 9.98 9.89 7.81 6.75 1.93 1.91 3.88 6.73 2.90 9.73 8.77 6.69 5.33 5.49 5.14 1
Vardas86            Pavarde86           7.94 3.42 4.92 1.36 10
Vardas87            Pavarde87           6.61 8
Vardas88            Pavarde88           3.78 2.13 9.29 2.70 1.57 5.62 3.00 6.35 4.17 3
Vardas89            Pavarde89           5.74 7.82 4.30 5.69 1.69 8.25 1.86 5.62 1.79 1
Vardas90            Pavarde90           3.07 4.97 8.06 2.84 9.10 6.04 4.75 5.31 6.68 4.78 6
Vardas91            Pavarde91           2.49 1.72 3.16 3
Vardas92            Pavarde92           7.04 8.07 1.41 3.66 2.39 7.60 7
Vardas93            Pavarde93           1.91 6.56 9.37 2.61 6.76 1
Vardas94            Pavarde94           4.56 4.32 1.17 2.79 9.00 2.58 6
Vardas95            Pavarde95           6.30 8.29 1.95 9.48 4.79 3.71 7.36 6.09 4.31 1.73 4.24 3
Vardas96            Pavarde96           9.61 5.01 1.25 5.69 3.40 7.65 8.14 9.86 9.75 7.46 4.97 2.53 1.73 8
Vardas97            Pavarde97           8.50 4.66 7.57 8.02 4.71 1.31 6.02 1.81 2.34 2.04 9.88 1.81 3
Vardas98            Pavarde98           4.30 7.87 7.49 3.58 3.13 5.71 2.68 7
Vardas99            Pavarde99           2.08 4.05 5.02 5.43 5
